{'bs1700': {'JER': [(-0.53598264469047852, 0.19541512520565263)], 'JES': [(-0.47229272099271213, 0.39440320014175123)], 'flatUnc': [(-0.1293257432100674, 0.38029535822445748)], 'ttbar_rate': [(-0.60998594247260129, 0.9767407182469614)], '__nll': [-110203.62265193704], 'zjets_rate': [(1.5044629614231209, 0.85819456134141259)], 'wjets_rate': [(0.43911008366872473, 1.0579702077824615)], '__cov': [array([[  3.82067967e-02,  -1.91436885e-02,   1.78039733e-03,
          1.56124528e-02,  -1.18986277e-02,  -1.59529701e-03,
         -8.83481859e-03,   1.80042704e-02,  -1.90486805e-02,
         -5.79035231e-02],
       [ -1.91436885e-02,   1.55881172e-01,  -1.37442815e-03,
         -6.61457182e-04,  -1.33199730e-02,  -1.83430684e-03,
         -2.17517576e-03,  -1.88971248e-02,  -2.71098306e-02,
          7.11704181e-02],
       [  1.78039733e-03,  -1.37442815e-03,   3.42301832e-03,
          1.80306377e-03,  -4.45317995e-04,  -9.51683467e-05,
          9.79794944e-05,  -3.60923843e-04,   3.18030787e-04,
         -8.32164124e-04],
       [  1.56124528e-02,  -6.61457182e-04,   1.80306377e-03,
          1.13256792e+00,  -1.77614088e-01,  -2.39982586e-02,
         -1.07423160e-02,   1.28709399e-01,  -4.07085500e-02,
         -3.22615761e-01],
       [ -1.18986277e-02,  -1.33199730e-02,  -4.45317995e-04,
         -1.77614088e-01,   1.44905057e-01,  -1.51344434e-01,
         -1.03083780e-01,  -2.75087835e-01,   9.81151525e-03,
         -3.22075520e-02],
       [ -1.59529701e-03,  -1.83430684e-03,  -9.51683467e-05,
         -2.39982586e-02,  -1.51344434e-01,   9.84758163e-01,
         -1.42018521e-02,  -3.76493487e-02,   1.21148938e-03,
         -4.87126070e-03],
       [ -8.83481859e-03,  -2.17517576e-03,   9.79794944e-05,
         -1.07423160e-02,  -1.03083780e-01,  -1.42018521e-02,
          1.04082054e+00,   1.33920566e-02,   5.48287131e-03,
          7.88098633e-03],
       [  1.80042704e-02,  -1.88971248e-02,  -3.60923843e-04,
          1.28709399e-01,  -2.75087835e-01,  -3.76493487e-02,
          1.33920566e-02,   9.66628374e-01,  -9.94424192e-03,
          1.29702766e-01],
       [ -1.90486805e-02,  -2.71098306e-02,   3.18030787e-04,
         -4.07085500e-02,   9.81151525e-03,   1.21148938e-03,
          5.48287131e-03,  -9.94424192e-03,   1.13658820e+00,
         -3.49139825e-02],
       [ -5.79035231e-02,   7.11704181e-02,  -8.32164124e-04,
         -3.22615761e-01,  -3.22075520e-02,  -4.87126070e-03,
          7.88098633e-03,   1.29702766e-01,  -3.49139825e-02,
          7.44608730e-01]])], 'diBoson_rate': [(0.38788644204358835, 1.0561399212983766)], 'beta_signal': [(8.4357664358325479e-06, 13.278989512535492)], 'lumi': [(-0.02168308381464179, 0.98583468713176692)], 'tW_rate': [(-0.088803208145804113, 1.0131254841169235)]}, 'bs1800': {'JER': [(-0.53557871197276086, 0.19370179610868909)], 'JES': [(-0.47280689139559406, 0.39386836100261791)], 'flatUnc': [(-0.13001309409877404, 0.38029203325133087)], 'ttbar_rate': [(-0.60882069214350665, 0.9767770681874175)], '__nll': [-110203.62266149436], 'zjets_rate': [(1.5036420156231918, 0.85841510511616592)], 'wjets_rate': [(0.43911057819232191, 1.0579564987418721)], '__cov': [array([[  3.75394280e-02,  -1.86115321e-02,  -1.80995757e-03,
          1.49960679e-02,  -1.17329796e-02,  -1.56275193e-03,
         -8.87473183e-03,   1.81465964e-02,  -1.91743623e-02,
         -5.76856505e-02],
       [ -1.86115321e-02,   1.55457806e-01,   1.36509612e-03,
         -1.92515467e-04,  -1.34569494e-02,  -1.85972114e-03,
         -2.15501391e-03,  -1.90020288e-02,  -2.70346683e-02,
          7.10119480e-02],
       [ -1.80995757e-03,   1.36509612e-03,   1.45922887e-02,
         -2.05635064e-03,   4.37005811e-04,   1.28701343e-04,
         -4.79517950e-05,   4.90837154e-04,  -2.86635252e-04,
          9.82892331e-04],
       [  1.49960679e-02,  -1.92515467e-04,  -2.05635064e-03,
          1.13251536e+00,  -1.77628805e-01,  -2.39829709e-02,
         -1.08310084e-02,   1.28943361e-01,  -4.08736272e-02,
         -3.22817395e-01],
       [ -1.17329796e-02,  -1.34569494e-02,   4.37005811e-04,
         -1.77628805e-01,   1.44902521e-01,  -1.51356848e-01,
         -1.03065632e-01,  -2.75151048e-01,   9.85208273e-03,
         -3.21962268e-02],
       [ -1.56275193e-03,  -1.85972114e-03,   1.28701343e-04,
         -2.39829709e-02,  -1.51356848e-01,   9.84778064e-01,
         -1.41935929e-02,  -3.76458421e-02,   1.21837737e-03,
         -4.87201779e-03],
       [ -8.87473183e-03,  -2.15501391e-03,  -4.79517950e-05,
         -1.08310084e-02,  -1.03065632e-01,  -1.41935929e-02,
          1.04112884e+00,   1.33392848e-02,   5.47805725e-03,
          7.88875773e-03],
       [  1.81465964e-02,  -1.90020288e-02,   4.90837154e-04,
          1.28943361e-01,  -2.75151048e-01,  -3.76458421e-02,
          1.33392848e-02,   9.66700537e-01,  -9.91545689e-03,
          1.29586886e-01],
       [ -1.91743623e-02,  -2.70346683e-02,  -2.86635252e-04,
         -4.08736272e-02,   9.85208273e-03,   1.21837737e-03,
          5.47805725e-03,  -9.91545689e-03,   1.13655828e+00,
         -3.48569536e-02],
       [ -5.76856505e-02,   7.10119480e-02,   9.82892331e-04,
         -3.22817395e-01,  -3.21962268e-02,  -4.87201779e-03,
          7.88875773e-03,   1.29586886e-01,  -3.48569536e-02,
          7.44994833e-01]])], 'diBoson_rate': [(0.39062492251129299, 1.0561150956014496)], 'beta_signal': [(5.0063757965457256e-05, 11.113908573236346)], 'lumi': [(-0.022030415894864319, 0.98584451279440488)], 'tW_rate': [(-0.089080021262509135, 1.0132734148265217)]}, 'bs1300': {'JER': [(-0.67020764785066156, 0.27088104398541812)], 'JES': [(-0.41457094835151143, 0.38695686532126139)], 'flatUnc': [(-0.097775285485303343, 0.38338053596760124)], 'ttbar_rate': [(-0.58839746483966859, 0.97827380017525756)], '__nll': [-110203.81516891281], 'zjets_rate': [(1.5346061069126167, 0.84918162245250572)], 'wjets_rate': [(0.4228297050890264, 1.055799906094709)], '__cov': [array([[  7.34499080e-02,  -2.04348564e-02,  -3.91462712e-01,
          3.46429030e-02,  -2.12162500e-02,  -4.82124352e-03,
         -1.02177430e-02,   5.07259813e-03,  -1.48734532e-02,
         -6.14906902e-02],
       [ -2.04348564e-02,   1.50038211e-01,   1.01975301e-01,
         -6.81361631e-03,  -1.09964621e-02,  -1.01681483e-03,
         -2.01980145e-03,  -1.50006788e-02,  -2.75411653e-02,
          6.99058029e-02],
       [ -3.91462712e-01,   1.01975301e-01,   3.85664243e+00,
         -2.29280998e-01,   5.34610030e-02,   5.43378866e-02,
          3.55692402e-02,   1.94500694e-01,  -5.17487933e-02,
          2.33239895e-01],
       [  3.46429030e-02,  -6.81361631e-03,  -2.29280998e-01,
          1.13377976e+00,  -1.80958518e-01,  -2.56037207e-02,
         -9.12103323e-03,   1.20589334e-01,  -3.62606138e-02,
         -3.18910573e-01],
       [ -2.12162500e-02,  -1.09964621e-02,   5.34610030e-02,
         -1.80958518e-01,   1.47270278e-01,  -1.50717325e-01,
         -1.03763700e-01,  -2.73331523e-01,   8.30371108e-03,
         -2.86544331e-02],
       [ -4.82124352e-03,  -1.01681483e-03,   5.43378866e-02,
         -2.56037207e-02,  -1.50717325e-01,   9.84772790e-01,
         -1.40846582e-02,  -3.64035073e-02,   7.67871407e-04,
         -3.13568433e-03],
       [ -1.02177430e-02,  -2.01980145e-03,   3.55692402e-02,
         -9.12103323e-03,  -1.03763700e-01,  -1.40846582e-02,
          1.04303828e+00,   1.33740263e-02,   4.00309642e-03,
          1.01668499e-02],
       [  5.07259813e-03,  -1.50006788e-02,   1.94500694e-01,
          1.20589334e-01,  -2.73331523e-01,  -3.64035073e-02,
          1.33740263e-02,   9.69692128e-01,  -1.01592218e-02,
          1.37754922e-01],
       [ -1.48734532e-02,  -2.75411653e-02,  -5.17487933e-02,
         -3.62606138e-02,   8.30371108e-03,   7.67871407e-04,
          4.00309642e-03,  -1.01592218e-02,   1.13184755e+00,
         -3.64658170e-02],
       [ -6.14906902e-02,   6.99058029e-02,   2.33239895e-01,
         -3.18910573e-01,  -2.86544331e-02,  -3.13568433e-03,
          1.01668499e-02,   1.37754922e-01,  -3.64658170e-02,
          7.28914036e-01]])], 'diBoson_rate': [(0.32815818272836861, 1.0567100760466213)], 'beta_signal': [(1.2425334397876115, 1.6506746446015688)], 'lumi': [(-0.016893299498303982, 0.98584195988098622)], 'tW_rate': [(-0.090812085674025766, 1.0141891008243866)]}, 'bs1400': {'JER': [(-0.60894731306889849, 0.29206212776644591)], 'JES': [(-0.43531781904671885, 0.4298719176414707)], 'flatUnc': [(-0.1119468699868591, 0.38319937574466723)], 'ttbar_rate': [(-0.59792750462446786, 0.97816688829786336)], '__nll': [-110203.69328424007], 'zjets_rate': [(1.5173582611182574, 0.86653927357348293)], 'wjets_rate': [(0.4302685482265014, 1.0572039957449677)], '__cov': [array([[  8.53991456e-02,  -4.79543147e-02,  -7.73462359e-01,
          4.32886900e-02,  -2.23231608e-02,  -4.97788195e-03,
         -1.16914171e-02,   9.87278063e-03,  -1.43758658e-02,
         -8.26058684e-02],
       [ -4.79543147e-02,   1.85251405e-01,   4.38693587e-01,
         -2.01539353e-02,  -6.91685346e-03,   1.33664370e-04,
         -5.24653843e-04,  -1.80501677e-02,  -2.92508352e-02,
          9.91630645e-02],
       [ -7.73462359e-01,   4.38693587e-01,   1.25835311e+01,
         -4.85050819e-01,   1.29390373e-01,   7.75482786e-02,
          5.45987202e-02,   2.34591989e-01,  -9.22961437e-02,
          4.95365875e-01],
       [  4.32886900e-02,  -2.01539353e-02,  -4.85050819e-01,
          1.14411516e+00,  -1.82499908e-01,  -2.59024466e-02,
         -1.05003622e-02,   1.22433021e-01,  -3.61849589e-02,
         -3.32841040e-01],
       [ -2.23231608e-02,  -6.91685346e-03,   1.29390373e-01,
         -1.82499908e-01,   1.47130891e-01,  -1.50681372e-01,
         -1.02979758e-01,  -2.73698723e-01,   8.51356768e-03,
         -2.64333570e-02],
       [ -4.97788195e-03,   1.33664370e-04,   7.75482786e-02,
         -2.59024466e-02,  -1.50681372e-01,   9.84840790e-01,
         -1.40371687e-02,  -3.68617961e-02,   8.08872731e-04,
         -2.79188960e-03],
       [ -1.16914171e-02,  -5.24653843e-04,   5.45987202e-02,
         -1.05003622e-02,  -1.02979758e-01,  -1.40371687e-02,
          1.04228726e+00,   1.30912488e-02,   4.82718659e-03,
          1.10860782e-02],
       [  9.87278063e-03,  -1.80501677e-02,   2.34591989e-01,
          1.22433021e-01,  -2.73698723e-01,  -3.68617961e-02,
          1.30912488e-02,   9.69483311e-01,  -1.07036002e-02,
          1.32479442e-01],
       [ -1.43758658e-02,  -2.92508352e-02,  -9.22961437e-02,
         -3.61849589e-02,   8.51356768e-03,   8.08872731e-04,
          4.82718659e-03,  -1.07036002e-02,   1.13491139e+00,
         -3.72477594e-02],
       [ -8.26058684e-02,   9.91630645e-02,   4.95365875e-01,
         -3.32841040e-01,  -2.64333570e-02,  -2.79188960e-03,
          1.10860782e-02,   1.32479442e-01,  -3.72477594e-02,
          7.59338933e-01]])], 'diBoson_rate': [(0.35070733354303663, 1.0614366993235049)], 'beta_signal': [(1.2523600231602425, 1.9384918681182437)], 'lumi': [(-0.018560712826828585, 0.98587553213490109)], 'tW_rate': [(-0.089834198155924305, 1.0138290628531836)]}, 'bs2000': {'JER': [(-0.53591414645501612, 0.19309347091368423)], 'JES': [(-0.47230960951886658, 0.39366115562219628)], 'flatUnc': [(-0.12908242798968228, 0.38023321003240795)], 'ttbar_rate': [(-0.61029089748464216, 0.97676547233902555)], '__nll': [-110203.62265025414], 'zjets_rate': [(1.5044412862063785, 0.85810247728813582)], 'wjets_rate': [(0.43912885795136347, 1.0579753521344122)], '__cov': [array([[  3.73038928e-02,  -1.84402220e-02,  -2.10427622e-04,
          1.47053581e-02,  -1.16721904e-02,  -1.54896389e-03,
         -8.88655248e-03,   1.81825445e-02,  -1.92162089e-02,
         -5.74897691e-02],
       [ -1.84402220e-02,   1.55293934e-01,   1.92683778e-04,
          6.54484411e-05,  -1.34911849e-02,  -1.86942435e-03,
         -2.13099036e-03,  -1.90278792e-02,  -2.69733383e-02,
          7.08071321e-02],
       [ -2.10427622e-04,   1.92683778e-04,   2.05969068e-03,
         -2.27814194e-04,   2.73572868e-05,   2.49249644e-05,
          7.14420430e-06,   1.03672916e-04,  -4.27753925e-05,
          1.34856434e-04],
       [  1.47053581e-02,   6.54484411e-05,  -2.27814194e-04,
          1.13182414e+00,  -1.77414112e-01,  -2.39575520e-02,
         -1.08158578e-02,   1.28888913e-01,  -4.08941407e-02,
         -3.22266460e-01],
       [ -1.16721904e-02,  -1.34911849e-02,   2.73572868e-05,
         -1.77414112e-01,   1.44857608e-01,  -1.51359920e-01,
         -1.03066547e-01,  -2.75155451e-01,   9.85161440e-03,
         -3.23037577e-02],
       [ -1.54896389e-03,  -1.86942435e-03,   2.49249644e-05,
         -2.39575520e-02,  -1.51359920e-01,   9.84785807e-01,
         -1.41985260e-02,  -3.76625274e-02,   1.22027616e-03,
         -4.88936378e-03],
       [ -8.88655248e-03,  -2.13099036e-03,   7.14420430e-06,
         -1.08158578e-02,  -1.03066547e-01,  -1.41985260e-02,
          1.04093218e+00,   1.33814722e-02,   5.47517880e-03,
          7.91132001e-03],
       [  1.81825445e-02,  -1.90278792e-02,   1.03672916e-04,
          1.28888913e-01,  -2.75155451e-01,  -3.76625274e-02,
          1.33814722e-02,   9.66678218e-01,  -9.91232598e-03,
          1.29640249e-01],
       [ -1.92162089e-02,  -2.69733383e-02,  -4.27753925e-05,
         -4.08941407e-02,   9.85161440e-03,   1.22027616e-03,
          5.47517880e-03,  -9.91232598e-03,   1.13659943e+00,
         -3.48294883e-02],
       [ -5.74897691e-02,   7.08071321e-02,   1.34856434e-04,
         -3.22266460e-01,  -3.23037577e-02,  -4.88936378e-03,
          7.91132001e-03,   1.29640249e-01,  -3.48294883e-02,
          7.44447151e-01]])], 'diBoson_rate': [(0.38807047727376354, 1.0557983184448809)], 'beta_signal': [(6.1954660823815288e-06, 11.931629008439062)], 'lumi': [(-0.02273751730614304, 0.9858483294107605)], 'tW_rate': [(-0.089337651902209103, 1.0131790345631435)]}, 'bs1000': {'JER': [(-0.5870525190657494, 0.41311303382239983)], 'JES': [(-0.44590743514525499, 0.45022409514171624)], 'flatUnc': [(-0.11644391800663456, 0.38367980919678235)], 'ttbar_rate': [(-0.61210675991474872, 0.98095497249314967)], '__nll': [-110203.65033970682], 'zjets_rate': [(1.5384791831698212, 0.94481948838163854)], 'wjets_rate': [(0.4259782003631889, 1.0593618869961809)], '__cov': [array([[  1.71058415e-01,  -9.34440255e-02,  -2.08966383e-01,
          1.22837187e-01,  -3.04261929e-02,  -1.39531347e-02,
          7.81166647e-04,  -1.23198121e-02,   1.46479960e-02,
         -2.03594438e-01],
       [ -9.34440255e-02,   2.03257513e-01,   1.14795544e-01,
         -6.10472229e-02,  -2.73389483e-03,   5.00087030e-03,
         -7.46279901e-03,  -4.43060985e-03,  -4.46069439e-02,
          1.58539668e-01],
       [ -2.08966383e-01,   1.14795544e-01,   3.23064180e-01,
         -1.68941702e-01,   2.69378727e-02,   2.06380366e-02,
         -1.34732599e-02,   5.24543682e-02,  -5.18244984e-02,
          2.33820020e-01],
       [  1.22837187e-01,  -6.10472229e-02,  -1.68941702e-01,
          1.21589599e+00,  -1.91466021e-01,  -3.38224251e-02,
         -2.13143718e-03,   1.03774584e-01,  -1.22832680e-02,
         -4.37598518e-01],
       [ -3.04261929e-02,  -2.73389483e-03,   2.69378727e-02,
         -1.91466021e-01,   1.47500792e-01,  -1.49769934e-01,
         -1.04746697e-01,  -2.71477269e-01,   4.55896153e-03,
         -1.19960086e-02],
       [ -1.39531347e-02,   5.00087030e-03,   2.06380366e-02,
         -3.38224251e-02,  -1.49769934e-01,   9.86079609e-01,
         -1.50431440e-02,  -3.46423388e-02,  -1.93350705e-03,
          8.92930434e-03],
       [  7.81166647e-04,  -7.46279901e-03,  -1.34732599e-02,
         -2.13143718e-03,  -1.04746697e-01,  -1.50431440e-02,
          1.04168738e+00,   1.13000271e-02,   7.97089840e-03,
         -1.93565573e-03],
       [ -1.23198121e-02,  -4.43060985e-03,   5.24543682e-02,
          1.03774584e-01,  -2.71477269e-01,  -3.46423388e-02,
          1.13000271e-02,   9.75101320e-01,  -1.65170944e-02,
          1.62672659e-01],
       [  1.46479960e-02,  -4.46069439e-02,  -5.18244984e-02,
         -1.22832680e-02,   4.55896153e-03,  -1.93350705e-03,
          7.97089840e-03,  -1.65170944e-02,   1.13961895e+00,
         -7.17118346e-02],
       [ -2.03594438e-01,   1.58539668e-01,   2.33820020e-01,
         -4.37598518e-01,  -1.19960086e-02,   8.92930434e-03,
         -1.93565573e-03,   1.62672659e-01,  -7.17118346e-02,
          9.04700572e-01]])], 'diBoson_rate': [(0.35633145869385707, 1.0936967782098539)], 'beta_signal': [(0.088100687477549622, 0.68429976964188599)], 'lumi': [(-0.029910827463651479, 0.98648706851018297)], 'tW_rate': [(-0.09141956437020049, 1.0135412639262449)]}, 'bs1900': {'JER': [(-0.53584352797009682, 0.19323427457230791)], 'JES': [(-0.47230779135492718, 0.39369189195611742)], 'flatUnc': [(-0.12923673695896465, 0.38023509369503961)], 'ttbar_rate': [(-0.61025653547913272, 0.9767694713307733)], '__nll': [-110203.62264972417], 'zjets_rate': [(1.5043419778467868, 0.85812440799992107)], 'wjets_rate': [(0.43891185857276316, 1.0579626626536895)], '__cov': [array([[  3.73583440e-02,  -1.84780537e-02,  -3.45343296e-04,
          1.47722324e-02,  -1.16857896e-02,  -1.55276312e-03,
         -8.88329247e-03,   1.81712409e-02,  -1.92080140e-02,
         -5.75329783e-02],
       [ -1.84780537e-02,   1.55318235e-01,   2.72186941e-04,
          1.41939171e-05,  -1.34805967e-02,  -1.86653317e-03,
         -2.13481393e-03,  -1.90196316e-02,  -2.69765933e-02,
          7.08392393e-02],
       [ -3.45343296e-04,   2.72186941e-04,   1.69534023e-03,
         -3.95484089e-04,   7.25538685e-05,   3.06125214e-05,
         -6.58101885e-06,   1.20095986e-04,  -5.05574524e-05,
          2.04025475e-04],
       [  1.47722324e-02,   1.41939171e-05,  -3.95484089e-04,
          1.13196530e+00,  -1.77425193e-01,  -2.39600366e-02,
         -1.08164478e-02,   1.28866989e-01,  -4.08801197e-02,
         -3.22323797e-01],
       [ -1.16857896e-02,  -1.34805967e-02,   7.25538685e-05,
         -1.77425193e-01,   1.44859046e-01,  -1.51356649e-01,
         -1.03073209e-01,  -2.75151602e-01,   9.84888231e-03,
         -3.22972098e-02],
       [ -1.55276312e-03,  -1.86653317e-03,   3.06125214e-05,
         -2.39600366e-02,  -1.51356649e-01,   9.84767162e-01,
         -1.41987277e-02,  -3.76592752e-02,   1.21968294e-03,
         -4.88710655e-03],
       [ -8.88329247e-03,  -2.13481393e-03,  -6.58101885e-06,
         -1.08164478e-02,  -1.03073209e-01,  -1.41987277e-02,
          1.04093902e+00,   1.33813726e-02,   5.47484417e-03,
          7.90628607e-03],
       [  1.81712409e-02,  -1.90196316e-02,   1.20095986e-04,
          1.28866989e-01,  -2.75151602e-01,  -3.76592752e-02,
          1.33813726e-02,   9.66686217e-01,  -9.91309962e-03,
          1.29645923e-01],
       [ -1.92080140e-02,  -2.69765933e-02,  -5.05574524e-05,
         -4.08801197e-02,   9.84888231e-03,   1.21968294e-03,
          5.47484417e-03,  -9.91309962e-03,   1.13657161e+00,
         -3.48307454e-02],
       [ -5.75329783e-02,   7.08392393e-02,   2.04025475e-04,
         -3.22323797e-01,  -3.22972098e-02,  -4.88710655e-03,
          7.90628607e-03,   1.29645923e-01,  -3.48307454e-02,
          7.44485516e-01]])], 'diBoson_rate': [(0.38782266409502952, 1.0558632138947237)], 'beta_signal': [(5.4597490022345596e-06, 11.500368376299008)], 'lumi': [(-0.021959815541537253, 0.98583912883413793)], 'tW_rate': [(-0.089016564065986792, 1.0131823328802549)]}, 'bs1500': {'JER': [(-0.58319878387858726, 0.26169816063393903)], 'JES': [(-0.44514608886136475, 0.41417161494013532)], 'flatUnc': [(-0.11823937553452879, 0.38230647620113656)], 'ttbar_rate': [(-0.60151525944389661, 0.97749437914370629)], '__nll': [-110203.65855557812], 'zjets_rate': [(1.5117894137946513, 0.85946474140901907)], 'wjets_rate': [(0.43121737261562298, 1.0574742965002399)], '__cov': [array([[  6.85495507e-02,  -3.79359352e-02,  -1.04189828e+00,
          3.69737670e-02,  -1.91524581e-02,  -3.47916435e-03,
         -9.37721201e-03,   1.14040508e-02,  -1.32284185e-02,
         -6.86516203e-02],
       [ -3.79359352e-02,   1.71935869e-01,   6.11892734e-01,
         -1.59607530e-02,  -8.39110942e-03,  -6.51004423e-04,
         -1.83211985e-03,  -1.71456097e-02,  -2.94724353e-02,
          8.54260349e-02],
       [ -1.04189828e+00,   6.11892734e-01,   3.36724277e+01,
         -7.62762769e-01,   1.99452280e-01,   9.04837178e-02,
          3.46248377e-02,   3.19385672e-01,  -1.91989061e-01,
          5.37540225e-01],
       [  3.69737670e-02,  -1.59607530e-02,  -7.62762769e-01,
          1.14605791e+00,  -1.81856064e-01,  -2.52561057e-02,
         -9.78589344e-03,   1.23053984e-01,  -3.52562278e-02,
         -3.28268465e-01],
       [ -1.91524581e-02,  -8.39110942e-03,   1.99452280e-01,
         -1.81856064e-01,   1.46444698e-01,  -1.50923535e-01,
         -1.03311277e-01,  -2.73619535e-01,   8.07743598e-03,
         -2.93230104e-02],
       [ -3.47916435e-03,  -6.51004423e-04,   9.04837178e-02,
         -2.52561057e-02,  -1.50923535e-01,   9.84753766e-01,
         -1.42136319e-02,  -3.72154577e-02,   8.15494928e-04,
         -4.00925900e-03],
       [ -9.37721201e-03,  -1.83211985e-03,   3.46248377e-02,
         -9.78589344e-03,  -1.03311277e-01,  -1.42136319e-02,
          1.04217245e+00,   1.29066148e-02,   4.95580005e-03,
          8.82678028e-03],
       [  1.14040508e-02,  -1.71456097e-02,   3.19385672e-01,
          1.23053984e-01,  -2.73619535e-01,  -3.72154577e-02,
          1.29066148e-02,   9.68135183e-01,  -1.06718555e-02,
          1.32205256e-01],
       [ -1.32284185e-02,  -2.94724353e-02,  -1.91989061e-01,
         -3.52562278e-02,   8.07743598e-03,   8.15494928e-04,
          4.95580005e-03,  -1.06718555e-02,   1.13550142e+00,
         -3.77036484e-02],
       [ -6.86516203e-02,   8.54260349e-02,   5.37540225e-01,
         -3.28268465e-01,  -2.93230104e-02,  -4.00925900e-03,
          8.82678028e-03,   1.32205256e-01,  -3.77036484e-02,
          7.46847117e-01]])], 'diBoson_rate': [(0.3610450839928605, 1.0623211702599784)], 'beta_signal': [(1.5275476261348837, 3.881226072494143)], 'lumi': [(-0.019501137223866039, 0.98583253841839347)], 'tW_rate': [(-0.089275950106585178, 1.0137740336973886)]}, 'bs900': {'JER': [(-1.0455370604322862, 0.11434607991371726)], 'JES': [(-0.46763688567233253, 0.36306425106570384)], 'flatUnc': [(0.0093810353768581933, 0.37925541300017551)], 'ttbar_rate': [(-0.6531960781035222, 0.97902870168209688)], '__nll': [-110202.42135429822], 'zjets_rate': [(1.7659776518129444, 0.82465654043659908)], 'wjets_rate': [(0.58255782463822747, 1.0680014851909623)], '__cov': [array([[  1.30774153e-02,  -4.36213100e-04,  -2.77492760e-03,
          7.96816665e-03,  -3.61273450e-03,  -6.79912692e-04,
         -5.66799195e-04,   1.97676473e-04,   8.47765986e-04,
         -9.28686767e-03],
       [ -4.36213100e-04,   1.32050507e-01,   5.87662931e-03,
          5.94161683e-03,  -1.74560955e-02,  -2.08313778e-03,
         -1.54459997e-03,  -1.08726493e-02,  -2.99349615e-02,
          4.26105992e-02],
       [ -2.77492760e-03,   5.87662931e-03,   2.27300720e-02,
         -2.02287407e-02,  -1.05166110e-02,   5.97432111e-03,
         -6.77716976e-03,   3.08898426e-02,  -1.97603067e-02,
          3.11907997e-02],
       [  7.96816665e-03,   5.94161683e-03,  -2.02287407e-02,
          1.11722999e+00,  -1.74932294e-01,  -2.56394373e-02,
          1.92636817e-03,   1.16673904e-01,  -2.89166487e-02,
         -3.04049838e-01],
       [ -3.61273450e-03,  -1.74560955e-02,  -1.05166110e-02,
         -1.74932294e-01,   1.44111920e-01,  -1.51320170e-01,
         -1.08874655e-01,  -2.74858713e-01,   5.14109540e-03,
         -3.61594732e-02],
       [ -6.79912692e-04,  -2.08313778e-03,   5.97432111e-03,
         -2.56394373e-02,  -1.51320170e-01,   9.82992903e-01,
         -1.58313577e-02,  -3.66742799e-02,  -6.42653155e-04,
         -3.42537817e-03],
       [ -5.66799195e-04,  -1.54459997e-03,  -6.77716976e-03,
          1.92636817e-03,  -1.08874655e-01,  -1.58313577e-02,
          1.05436922e+00,   9.18236461e-03,   6.12434856e-03,
         -5.20286446e-03],
       [  1.97676473e-04,  -1.08726493e-02,   3.08898426e-02,
          1.16673904e-01,  -2.74858713e-01,  -3.66742799e-02,
          9.18236461e-03,   9.71251879e-01,  -1.18617866e-02,
          1.55040938e-01],
       [  8.47765986e-04,  -2.99349615e-02,  -1.97603067e-02,
         -2.89166487e-02,   5.14109540e-03,  -6.42653155e-04,
          6.12434856e-03,  -1.18617866e-02,   1.15869768e+00,
         -6.94564591e-02],
       [ -9.28686767e-03,   4.26105992e-02,   3.11907997e-02,
         -3.04049838e-01,  -3.61594732e-02,  -3.42537817e-03,
         -5.20286446e-03,   1.55040938e-01,  -6.94564591e-02,
          6.87239525e-01]])], 'diBoson_rate': [(0.24959062342589533, 1.0491005434367704)], 'beta_signal': [(0.27071936773358796, 0.14904458597765669)], 'lumi': [(0.0010527588397248877, 0.98496246296689316)], 'tW_rate': [(-0.042076335342298599, 1.0196074397559309)]}, 'bs1100': {'JER': [(-0.59137784081836298, 0.37342190291998012)], 'JES': [(-0.44816673454801315, 0.44107404558057928)], 'flatUnc': [(-0.11685773955643164, 0.38398223992235669)], 'ttbar_rate': [(-0.60351353551520504, 0.97998343422772871)], '__nll': [-110203.65741671501], 'zjets_rate': [(1.5286770656729631, 0.90393481800459163)], 'wjets_rate': [(0.42603781735265667, 1.0584056822344046)], '__cov': [array([[  1.39708191e-01,  -7.37045961e-02,  -2.81579775e-01,
          8.91237179e-02,  -2.87184035e-02,  -1.04364283e-02,
         -7.47000746e-03,  -4.97199850e-03,   6.55130079e-03,
         -1.48355930e-01],
       [ -7.37045961e-02,   1.95058220e-01,   1.46616777e-01,
         -4.10508536e-02,  -4.45702070e-03,   2.77450569e-03,
         -2.70382809e-03,  -9.79524490e-03,  -4.00188705e-02,
          1.28087877e-01],
       [ -2.81579775e-01,   1.46616777e-01,   7.68696596e-01,
         -2.05527223e-01,   4.18816994e-02,   2.71222436e-02,
         -1.30342962e-03,   7.47659428e-02,  -6.97292261e-02,
          2.60219025e-01],
       [  8.91237179e-02,  -4.10508536e-02,  -2.05527223e-01,
          1.18132087e+00,  -1.88709079e-01,  -3.02712520e-02,
         -8.87783198e-03,   1.11544191e-01,  -2.08155509e-02,
         -3.85277959e-01],
       [ -2.87184035e-02,  -4.45702070e-03,   4.18816994e-02,
         -1.88709079e-01,   1.47733877e-01,  -1.49998434e-01,
         -1.03604252e-01,  -2.71793555e-01,   5.12945452e-03,
         -1.71781830e-02],
       [ -1.04364283e-02,   2.77450569e-03,   2.71222436e-02,
         -3.02712520e-02,  -1.49998434e-01,   9.85498285e-01,
         -1.42779927e-02,  -3.54032983e-02,  -1.03813977e-03,
          3.27412395e-03],
       [ -7.47000746e-03,  -2.70382809e-03,  -1.30342962e-03,
         -8.87783198e-03,  -1.03604252e-01,  -1.42779927e-02,
          1.04118059e+00,   1.29930030e-02,   5.73641216e-03,
          7.72088940e-03],
       [ -4.97199850e-03,  -9.79524490e-03,   7.47659428e-02,
          1.11544191e-01,  -2.71793555e-01,  -3.54032983e-02,
          1.29930030e-02,   9.73139357e-01,  -1.47141513e-02,
          1.49132332e-01],
       [  6.55130079e-03,  -4.00188705e-02,  -6.97292261e-02,
         -2.08155509e-02,   5.12945452e-03,  -1.03813977e-03,
          5.73641216e-03,  -1.47141513e-02,   1.13753056e+00,
         -5.74515196e-02],
       [ -1.48355930e-01,   1.28087877e-01,   2.60219025e-01,
         -3.85277959e-01,  -1.71781830e-02,   3.27412395e-03,
          7.72088940e-03,   1.49132332e-01,  -5.74515196e-02,
          8.27133938e-01]])], 'diBoson_rate': [(0.3579156095543814, 1.0782851993663951)], 'beta_signal': [(0.17072939019214095, 0.81584838858437969)], 'lumi': [(-0.021886542276502219, 0.98620019172202822)], 'tW_rate': [(-0.093926827981941408, 1.01329799332295)]}, 'bs1600': {'JER': [(-0.53580174504456224, 0.20650708184323863)], 'JES': [(-0.47229336354973661, 0.39639632165240135)], 'flatUnc': [(-0.12938394803802478, 0.38075477845487393)], 'ttbar_rate': [(-0.61005443658022873, 0.97685829942047264)], '__nll': [-110203.62265245577], 'zjets_rate': [(1.5042778036203019, 0.85877584062598622)], 'wjets_rate': [(0.43885892523803793, 1.0580383980151127)], '__cov': [array([[  4.26697771e-02,  -2.18339993e-02,  -1.29872542e-03,
          1.98843379e-02,  -1.31247786e-02,  -1.80914895e-03,
         -8.45745500e-03,   1.72223682e-02,  -1.82095465e-02,
         -5.99116169e-02],
       [ -2.18339993e-02,   1.57464009e-01,   8.21896127e-04,
         -3.23899901e-03,  -1.25743040e-02,  -1.70530798e-03,
         -2.41190705e-03,  -1.84282862e-02,  -2.76180821e-02,
          7.23879777e-02],
       [ -1.29872542e-03,   8.21896127e-04,   3.13631542e-04,
         -1.25223153e-03,   3.50991695e-04,   6.34957551e-05,
         -1.03326582e-04,   2.35593285e-04,  -2.42319240e-04,
          5.82491987e-04],
       [  1.98843379e-02,  -3.23899901e-03,  -1.25223153e-03,
          1.13709775e+00,  -1.78849015e-01,  -2.42083830e-02,
         -1.04172235e-02,   1.27973959e-01,  -3.99187205e-02,
         -3.24715821e-01],
       [ -1.31247786e-02,  -1.25743040e-02,   3.50991695e-04,
         -1.78849015e-01,   1.45256059e-01,  -1.51288079e-01,
         -1.03191572e-01,  -2.74892591e-01,   9.58272127e-03,
         -3.16420876e-02],
       [ -1.80914895e-03,  -1.70530798e-03,   6.34957551e-05,
         -2.42083830e-02,  -1.51288079e-01,   9.84784348e-01,
         -1.42193331e-02,  -3.76108564e-02,   1.17130498e-03,
         -4.77310457e-03],
       [ -8.45745500e-03,  -2.41190705e-03,  -1.03326582e-04,
         -1.04172235e-02,  -1.03191572e-01,  -1.42193331e-02,
          1.04104969e+00,   1.32818057e-02,   5.55610169e-03,
          7.70894360e-03],
       [  1.72223682e-02,  -1.84282862e-02,   2.35593285e-04,
          1.27973959e-01,  -2.74892591e-01,  -3.76108564e-02,
          1.32818057e-02,   9.66864260e-01,  -1.00916640e-02,
          1.30053411e-01],
       [ -1.82095465e-02,  -2.76180821e-02,  -2.42319240e-04,
         -3.99187205e-02,   9.58272127e-03,   1.17130498e-03,
          5.55610169e-03,  -1.00916640e-02,   1.13673684e+00,
         -3.52870869e-02],
       [ -5.99116169e-02,   7.23879777e-02,   5.82491987e-04,
         -3.24715821e-01,  -3.16420876e-02,  -4.77310457e-03,
          7.70894360e-03,   1.30053411e-01,  -3.52870869e-02,
          7.45628758e-01]])], 'diBoson_rate': [(0.38822536741764857, 1.0582174902325781)], 'beta_signal': [(4.8190395740554948e-07, 17.066792224302453)], 'lumi': [(-0.02213024172467648, 0.98584761570334778)], 'tW_rate': [(-0.088647448942139384, 1.01323545486305)]}, 'bs800': {'JER': [(-1.0450505002249502, 0.11538751740849684)], 'JES': [(-0.48732471718417436, 0.3578104956665622)], 'flatUnc': [(0.0014343271779022615, 0.37912783351464663)], 'ttbar_rate': [(-0.64633367025486788, 0.97887371598491435)], '__nll': [-110202.68337247535], 'zjets_rate': [(1.8456245869903922, 0.83209259539155545)], 'wjets_rate': [(0.58747034843165569, 1.0669920694498942)], '__cov': [array([[  1.33167567e-02,  -6.66485015e-04,  -1.81426826e-03,
          8.59957989e-03,  -3.60671533e-03,  -7.08819653e-04,
         -9.89593402e-06,   3.00989379e-04,   9.90858892e-04,
         -1.08898831e-02],
       [ -6.66485015e-04,   1.28250056e-01,   3.11927728e-03,
          5.31553011e-03,  -1.73943525e-02,  -2.07026532e-03,
         -1.75488101e-03,  -1.07445413e-02,  -2.84120242e-02,
          4.14679086e-02],
       [ -1.81426826e-03,   3.11927728e-03,   8.78939771e-03,
         -1.25597180e-02,  -7.32173719e-03,   3.94418830e-03,
         -5.59870864e-03,   1.97222637e-02,  -1.15428162e-02,
          2.26762433e-02],
       [  8.59957989e-03,   5.31553011e-03,  -1.25597180e-02,
          1.11257976e+00,  -1.71991019e-01,  -2.52376945e-02,
          1.07293642e-02,   1.16062233e-01,  -2.82342116e-02,
         -3.08760441e-01],
       [ -3.60671533e-03,  -1.73943525e-02,  -7.32173719e-03,
         -1.71991019e-01,   1.44014792e-01,  -1.51644710e-01,
         -1.07486377e-01,  -2.75691481e-01,   5.22009484e-03,
         -3.82958873e-02],
       [ -7.08819653e-04,  -2.07026532e-03,   3.94418830e-03,
         -2.52376945e-02,  -1.51644710e-01,   9.83181282e-01,
         -1.57499237e-02,  -3.62353876e-02,  -7.12629653e-04,
         -3.05845318e-03],
       [ -9.89593402e-06,  -1.75488101e-03,  -5.59870864e-03,
          1.07293642e-02,  -1.07486377e-01,  -1.57499237e-02,
          1.04960815e+00,   1.06665748e-02,   8.85888890e-03,
         -1.43331795e-02],
       [  3.00989379e-04,  -1.07445413e-02,   1.97222637e-02,
          1.16062233e-01,  -2.75691481e-01,  -3.62353876e-02,
          1.06665748e-02,   9.70935538e-01,  -1.07379636e-02,
          1.57180770e-01],
       [  9.90858892e-04,  -2.84120242e-02,  -1.15428162e-02,
         -2.82342116e-02,   5.22009484e-03,  -7.12629653e-04,
          8.85888890e-03,  -1.07379636e-02,   1.15647780e+00,
         -7.47472944e-02],
       [ -1.08898831e-02,   4.14679086e-02,   2.26762433e-02,
         -3.08760441e-01,  -3.82958873e-02,  -3.05845318e-03,
         -1.43331795e-02,   1.57180770e-01,  -7.47472944e-02,
          6.99925200e-01]])], 'diBoson_rate': [(0.21823103987345593, 1.0469522504345932)], 'beta_signal': [(0.17827509594102531, 0.092992123426003936)], 'lumi': [(-0.002084069197793248, 0.9850555932836258)], 'tW_rate': [(-0.097892432035803445, 1.0173329905256649)]}, 'bs1200': {'JER': [(-0.62090392061826982, 0.39016543223804967)], 'JES': [(-0.43432288510969652, 0.45859961929144255)], 'flatUnc': [(-0.11056438396824664, 0.38628310296776514)], 'ttbar_rate': [(-0.59502601397646959, 0.97923111405143759)], '__nll': [-110203.69413637789], 'zjets_rate': [(1.5355939891553492, 0.9031606526697038)], 'wjets_rate': [(0.42162297734231036, 1.056693022454875)], '__cov': [array([[  1.52544568e-01,  -8.49073620e-02,  -5.08378072e-01,
          8.30054756e-02,  -3.46975718e-02,  -1.03786900e-02,
         -1.50229450e-02,   3.41810130e-03,  -3.51569453e-03,
         -1.51475436e-01],
       [ -8.49073620e-02,   2.10911764e-01,   2.78331195e-01,
         -4.15066643e-02,  -6.22261574e-04,   2.99019145e-03,
          1.49405029e-03,  -1.58155519e-02,  -3.50882896e-02,
          1.39655578e-01],
       [ -5.08378072e-01,   2.78331195e-01,   2.29962011e+00,
         -3.11131788e-01,   8.63116245e-02,   4.71269659e-02,
          2.96090580e-02,   1.06639860e-01,  -7.83122168e-02,
          4.35305929e-01],
       [  8.30054756e-02,  -4.15066643e-02,  -3.11131788e-01,
          1.16733276e+00,  -1.89483214e-01,  -2.90771132e-02,
         -1.29664369e-02,   1.18270143e-01,  -2.89151366e-02,
         -3.72748939e-01],
       [ -3.46975718e-02,  -6.22261574e-04,   8.63116245e-02,
         -1.89483214e-01,   1.49513196e-01,  -1.49742464e-01,
         -1.02280212e-01,  -2.72956531e-01,   6.41182440e-03,
         -1.32933981e-02],
       [ -1.03786900e-02,   2.99019145e-03,   4.71269659e-02,
         -2.90771132e-02,  -1.49742464e-01,   9.85284911e-01,
         -1.37327595e-02,  -3.61066626e-02,  -1.10340415e-04,
          2.62499468e-03],
       [ -1.50229450e-02,   1.49405029e-03,   2.96090580e-02,
         -1.29664369e-02,  -1.02280212e-01,  -1.37327595e-02,
          1.04272837e+00,   1.32211582e-02,   4.78032134e-03,
          1.52179835e-02],
       [  3.41810130e-03,  -1.58155519e-02,   1.06639860e-01,
          1.18270143e-01,  -2.72956531e-01,  -3.61066626e-02,
          1.32211582e-02,   9.71620428e-01,  -1.21589943e-02,
          1.38599606e-01],
       [ -3.51569453e-03,  -3.50882896e-02,  -7.83122168e-02,
         -2.89151366e-02,   6.41182440e-03,  -1.10340415e-04,
          4.78032134e-03,  -1.21589943e-02,   1.13379230e+00,
         -4.61417630e-02],
       [ -1.51475436e-01,   1.39655578e-01,   4.35305929e-01,
         -3.72748939e-01,  -1.32933981e-02,   2.62499468e-03,
          1.52179835e-02,   1.38599606e-01,  -4.61417630e-02,
          8.25709841e-01]])], 'diBoson_rate': [(0.34243822013284131, 1.0719868370314729)], 'beta_signal': [(0.44564746214032991, 0.93103966827963025)], 'lumi': [(-0.018369438193023946, 0.98609486929548695)], 'tW_rate': [(-0.093334038837300959, 1.0140403918372758)]}}
