{'bs1700': {'diBoson_rate': [(0.029306022445525493, 0.99772225737010034)], 'leptonSFIso': [(-0.051962589661577852, 0.99950254884304401)], 'schannel_rate': [(-0.0045468377037574115, 0.9928973154841445)], 'tchannel_rate': [(-0.037505370632813673, 0.99157671349050847)], 'BTag': [(0.26868265121664336, 0.93706292760513721)], 'PU': [(0.33049374178482616, 0.93551416268356169)], 'leptonSFID': [(-0.25589328700659486, 0.97936563856018255)], 'wjets_rate_El': [(0.45138237322676478, 1.0388285317958292)], 'leptonSFTrig': [(-0.12183642235346337, 0.99257806902297951)], 'JER': [(-0.95261878990603499, 0.56891053307684469)], 'JES': [(0.33194681408523063, 1.007979397142031)], 'wjets_rate_Mu': [(0.13499025990359925, 1.0012174507024727)], 'ttbar_rate': [(0.85800251368565839, 0.8250185972287416)], 'zjets_rate': [(0.058431434192932841, 0.99850769305674625)], 'beta_signal': [(5.3766598886624806, 6.2341179740532651)], 'Mass': [(-0.65554845647246207, 0.85938670491545555)], 'MisTag': [(0.13783364832291944, 1.9966156671154762)], 'lumi': [(0.50456563562539181, 0.93963531929651634)], 'PDF': [(-0.67132476569188348, 0.54903561564903991)], 'UnclusteredMET': [(0.17235022309783599, 0.92730170325799355)], '__nll': [-39687.168527262809], 'Q2_slep': [(-0.54808951279356144, 0.2001680105215593)], '__cov': [array([[  8.88616905e-01,   2.20827057e-03,  -4.88839637e-03,
         -2.00058682e-02,  -4.55117783e-01,   5.97851326e-04,
          4.38239044e-02,  -5.11466789e-03,  -2.64366141e-02,
          1.72572513e-02,   2.09325173e-02,   1.78951614e-01,
         -2.52999410e-03,  -3.15100960e-02,  -4.82025212e-03,
         -2.31262819e-02,  -1.03185094e-01,  -2.38121747e-04,
         -8.16625331e-02,   1.84447882e-03,  -1.78976106e-01,
         -4.28899730e-02,  -4.56038858e-02,  -2.50764708e-02],
       [  2.20827057e-03,   3.25122073e-01,   4.42237727e-02,
          4.70121276e-02,   1.33952920e-01,  -4.92839275e-02,
         -1.72058000e-02,  -1.16813592e-02,  -3.69226634e-02,
         -2.62587483e-03,  -1.85162353e-03,   3.61215462e-02,
         -1.87287954e-03,  -5.07979514e-03,  -6.37038504e-04,
         -4.31806382e-03,   6.53724533e-03,  -5.64754624e-04,
          5.49070760e-03,  -4.67291138e-03,   1.43741269e-02,
         -1.76112152e-02,   1.78680024e-02,  -1.25136092e-03],
       [ -4.88839637e-03,   4.42237727e-02,   1.03018562e+00,
          1.58888550e-01,   4.95872737e-01,  -1.47678254e-01,
          1.28976226e-02,  -7.15583591e-02,  -2.35636301e-01,
         -4.69259321e-02,  -2.87027711e-01,  -1.24708629e+00,
          1.35316669e-02,   1.90776057e-02,   5.78733144e-03,
          2.21268865e-03,  -3.74354270e-02,  -4.82038127e-03,
          6.64301314e-02,  -4.39465165e-02,  -5.01523252e-02,
          2.35058866e-02,   5.27807571e-02,  -9.99903448e-02],
       [ -2.00058682e-02,   4.70121276e-02,   1.58888550e-01,
          7.46081921e-01,   2.03321308e-01,  -1.19451633e-01,
          1.39824815e-02,  -5.57029984e-02,  -7.53446289e-02,
         -1.09377187e-02,  -1.23191729e-01,   2.56056286e-01,
          1.80188271e-04,  -4.00933828e-03,   6.10363814e-04,
         -6.06575924e-03,  -1.98579907e-02,  -1.86076038e-03,
          5.03761782e-03,  -5.23224956e-03,  -3.44169609e-02,
         -4.45185073e-02,   2.65744437e-02,  -1.43318510e-02],
       [ -4.55117783e-01,   1.33952920e-01,   4.95872737e-01,
          2.03321308e-01,   4.21917741e+00,  -6.28430100e-01,
         -3.02654595e-01,  -5.84233864e-02,  -4.39287191e-01,
         -2.17202128e-01,  -1.09907650e-01,  -3.03276999e+00,
         -3.70750471e-02,  -1.63773098e-02,   9.56201540e-03,
         -8.20838808e-02,  -2.14108558e-01,  -1.47027290e-02,
         -1.49804141e-01,  -9.08328040e-02,  -3.09245501e-01,
         -9.77088447e-01,  -1.54163832e-01,  -1.27717341e-01],
       [  5.97851326e-04,  -4.92839275e-02,  -1.47678254e-01,
         -1.19451633e-01,  -6.28430100e-01,   3.02684592e-01,
          3.11977851e-02,   1.28194743e-02,   1.08339564e-01,
         -1.28262471e-02,  -7.24885489e-03,  -7.68569919e-01,
         -2.43816990e-04,  -1.13022100e-01,  -1.88649454e-02,
         -7.09103226e-02,  -1.03987635e-02,   1.23140279e-04,
         -1.19799423e-02,   6.79322370e-04,  -2.59859323e-02,
          2.73440692e-01,  -2.30916386e-01,   2.45577783e-02],
       [  4.38239044e-02,  -1.72058000e-02,   1.28976226e-02,
          1.39824815e-02,  -3.02654595e-01,   3.11977851e-02,
          8.85662508e-01,   1.01195755e-02,  -4.47863268e-02,
         -9.55818704e-03,   3.65986057e-02,   3.02590297e-01,
          1.63936450e-04,   1.31846430e-02,   2.30406182e-03,
          1.05315559e-02,   3.23545502e-02,  -4.55574528e-04,
          4.19315694e-02,  -2.85829811e-03,   5.37940023e-02,
          6.12847261e-02,   3.88318143e-02,   4.26432395e-03],
       [ -5.11466789e-03,  -1.16813592e-02,  -7.15583591e-02,
         -5.57029984e-02,  -5.84233864e-02,   1.28194743e-02,
          1.01195755e-02,   4.00889606e-02,   1.38175082e-02,
         -2.25035247e-03,   4.10623460e-02,   9.67776305e-02,
          1.21584015e-03,   4.63751614e-03,   1.06425515e-03,
          2.82566975e-03,   8.80963237e-03,   9.48977263e-05,
          8.37181266e-04,   1.45914710e-03,   1.43413724e-02,
         -1.90115279e-02,   7.73110632e-03,   8.20607493e-03],
       [ -2.64366141e-02,  -3.69226634e-02,  -2.35636301e-01,
         -7.53446289e-02,  -4.39287191e-01,   1.08339564e-01,
         -4.47863268e-02,   1.38175082e-02,   4.60593509e-01,
          3.09682001e-02,   1.39470229e-02,  -4.83584565e-01,
         -7.92049517e-03,   1.68983067e-02,   2.77419184e-03,
          1.20494705e-02,  -1.48271082e-02,  -1.37250813e-03,
         -1.54480806e-02,  -3.02434665e-03,  -3.15053995e-02,
         -1.24085370e-01,   5.44807866e-02,   2.92067603e-02],
       [  1.72572513e-02,  -2.62587483e-03,  -4.69259321e-02,
         -1.09377187e-02,  -2.17202128e-01,  -1.28262471e-02,
         -9.55818704e-03,  -2.25035247e-03,   3.09682001e-02,
          1.05243339e+00,  -3.50723337e-03,   2.30950750e-01,
         -1.63030118e-03,   4.01034132e-03,   9.85128755e-04,
          1.68613814e-03,   2.02298645e-02,  -5.79254145e-05,
          1.48551175e-02,  -1.16938764e-03,   3.81120468e-02,
          2.61064049e-02,  -2.95747153e-02,  -2.33182805e-03],
       [  2.09325173e-02,  -1.85162353e-03,  -2.87027711e-01,
         -1.23191729e-01,  -1.09907650e-01,  -7.24885489e-03,
          3.65986057e-02,   4.10623460e-02,   1.39470229e-02,
         -3.50723337e-03,   8.69964896e-01,   5.43627189e-01,
         -8.00753166e-04,   9.52261629e-03,   1.85643523e-03,
          8.08253779e-03,   2.16587260e-02,  -2.33979056e-04,
          8.66479761e-04,   2.62074058e-03,   3.58895507e-02,
         -2.83839675e-02,   7.06455678e-02,   2.40830168e-02],
       [  1.78951614e-01,   3.61215462e-02,  -1.24708629e+00,
          2.56056286e-01,  -3.03276999e+00,  -7.68569919e-01,
          3.02590297e-01,   9.67776305e-02,  -4.83584565e-01,
          2.30950750e-01,   5.43627189e-01,   8.54386825e+01,
         -6.55120360e-02,   8.24791023e-01,   1.22288189e-01,
          4.87795042e-01,   5.98125623e-01,   1.21316379e-02,
          1.37531630e-01,  -9.05443473e-02,   1.39985456e+00,
         -4.28165060e-01,   4.49241300e-01,   4.60186901e-01],
       [ -2.52999410e-03,  -1.87287954e-03,   1.35316669e-02,
          1.80188271e-04,  -3.70750471e-02,  -2.43816990e-04,
          1.63936450e-04,   1.21584015e-03,  -7.92049517e-03,
         -1.63030118e-03,  -8.00753166e-04,  -6.55120360e-02,
          1.00897805e+00,  -6.85530361e-04,  -9.84574446e-05,
         -2.18055666e-04,  -2.93056086e-03,  -9.14361717e-05,
         -1.05207071e-03,  -7.28718564e-04,  -5.95896634e-03,
          2.68546724e-03,  -1.97680955e-03,  -1.74384209e-03],
       [ -3.15100960e-02,  -5.07979514e-03,   1.90776057e-02,
         -4.00933828e-03,  -1.63773098e-02,  -1.13022100e-01,
          1.31846430e-02,   4.63751614e-03,   1.68983067e-02,
          4.01034132e-03,   9.52261629e-03,   8.24791023e-01,
         -6.85530361e-04,   9.71740181e-01,  -5.53013170e-03,
         -2.34976331e-02,  -3.35341165e-02,  -3.01293736e-04,
         -2.35423328e-02,   1.55327981e-04,  -5.91432520e-02,
          2.26561762e-02,  -4.07905895e-02,  -4.93948129e-03],
       [ -4.82025212e-03,  -6.37038504e-04,   5.78733144e-03,
          6.10363814e-04,   9.56201540e-03,  -1.88649454e-02,
          2.30406182e-03,   1.06425515e-03,   2.77419184e-03,
          9.85128755e-04,   1.85643523e-03,   1.22288189e-01,
         -9.84574446e-05,  -5.53013170e-03,   1.01263261e+00,
         -3.60867460e-03,  -4.96044691e-03,  -4.25282135e-05,
         -3.59682035e-03,  -1.41363360e-05,  -8.71628514e-03,
          4.17302428e-03,  -6.59672850e-03,  -6.53069411e-04],
       [ -2.31262819e-02,  -4.31806382e-03,   2.21268865e-03,
         -6.06575924e-03,  -8.20838808e-02,  -7.09103226e-02,
          1.05315559e-02,   2.82566975e-03,   1.20494705e-02,
          1.68613814e-03,   8.08253779e-03,   4.87795042e-01,
         -2.18055666e-04,  -2.34976331e-02,  -3.60867460e-03,
          9.98467320e-01,  -2.49088991e-02,  -1.25372505e-04,
         -1.76225740e-02,   4.29333543e-04,  -4.40877005e-02,
          1.60926819e-02,  -2.53590619e-02,  -4.08050854e-03],
       [ -1.03185094e-01,   6.53724533e-03,  -3.74354270e-02,
         -1.98579907e-02,  -2.14108558e-01,  -1.03987635e-02,
          3.23545502e-02,   8.80963237e-03,  -1.48271082e-02,
          2.02298645e-02,   2.16587260e-02,   5.98125623e-01,
         -2.93056086e-03,  -3.35341165e-02,  -4.96044691e-03,
         -2.49088991e-02,   8.93641922e-01,  -3.93398539e-04,
         -9.40324324e-02,   2.06330103e-03,  -1.88903676e-01,
         -6.69053871e-02,  -1.28827430e-02,  -1.53363328e-02],
       [ -2.38121747e-04,  -5.64754624e-04,  -4.82038127e-03,
         -1.86076038e-03,  -1.47027290e-02,   1.23140279e-04,
         -4.55574528e-04,   9.48977263e-05,  -1.37250813e-03,
         -5.79254145e-05,  -2.33979056e-04,   1.21316379e-02,
         -9.14361717e-05,  -3.01293736e-04,  -4.25282135e-05,
         -1.25372505e-04,  -3.93398539e-04,   9.99110367e-01,
         -4.46234343e-04,   6.34770025e-05,  -3.45431845e-04,
          9.39241129e-06,  -2.25853498e-04,   2.67308799e-04],
       [ -8.16625331e-02,   5.49070760e-03,   6.64301314e-02,
          5.03761782e-03,  -1.49804141e-01,  -1.19799423e-02,
          4.19315694e-02,   8.37181266e-04,  -1.54480806e-02,
          1.48551175e-02,   8.66479761e-04,   1.37531630e-01,
         -1.05207071e-03,  -2.35423328e-02,  -3.59682035e-03,
         -1.76225740e-02,  -9.40324324e-02,  -4.46234343e-04,
          1.02957174e+00,  -7.98794344e-04,  -1.71453868e-01,
         -4.50693277e-02,  -8.74961986e-03,  -2.59716266e-02],
       [  1.84447882e-03,  -4.67291138e-03,  -4.39465165e-02,
         -5.23224956e-03,  -9.08328040e-02,   6.79322370e-04,
         -2.85829811e-03,   1.45914710e-03,  -3.02434665e-03,
         -1.16938764e-03,   2.62074058e-03,  -9.05443473e-02,
         -7.28718564e-04,   1.55327981e-04,  -1.41363360e-05,
          4.29333543e-04,   2.06330103e-03,   6.34770025e-05,
         -7.98794344e-04,   9.96419220e-01,   5.48775452e-03,
          1.61013158e-03,  -3.22072206e-04,   4.91558407e-03],
       [ -1.78976106e-01,   1.43741269e-02,  -5.01523252e-02,
         -3.44169609e-02,  -3.09245501e-01,  -2.59859323e-02,
          5.37940023e-02,   1.43413724e-02,  -3.15053995e-02,
          3.81120468e-02,   3.58895507e-02,   1.39985456e+00,
         -5.95896634e-03,  -5.91432520e-02,  -8.71628514e-03,
         -4.40877005e-02,  -1.88903676e-01,  -3.45431845e-04,
         -1.71453868e-01,   5.48775452e-03,   6.87130848e-01,
         -1.17723139e-01,  -1.85181590e-02,  -2.53952117e-02],
       [ -4.28899730e-02,  -1.76112152e-02,   2.35058866e-02,
         -4.45185073e-02,  -9.77088447e-01,   2.73440692e-01,
          6.12847261e-02,  -1.90115279e-02,  -1.24085370e-01,
          2.61064049e-02,  -2.83839675e-02,  -4.28165060e-01,
          2.68546724e-03,   2.26561762e-02,   4.17302428e-03,
          1.60926819e-02,  -6.69053871e-02,   9.39241129e-06,
         -4.50693277e-02,   1.61013158e-03,  -1.17723139e-01,
          1.09522729e+00,   6.15863380e-02,  -2.36000510e-02],
       [ -4.56038858e-02,   1.78680024e-02,   5.27807571e-02,
          2.65744437e-02,  -1.54163832e-01,  -2.30916386e-01,
          3.88318143e-02,   7.73110632e-03,   5.44807866e-02,
         -2.95747153e-02,   7.06455678e-02,   4.49241300e-01,
         -1.97680955e-03,  -4.07905895e-02,  -6.59672850e-03,
         -2.53590619e-02,  -1.28827430e-02,  -2.25853498e-04,
         -8.74961986e-03,  -3.22072206e-04,  -1.85181590e-02,
          6.15863380e-02,   1.01616718e+00,  -1.24577132e-02],
       [ -2.50764708e-02,  -1.25136092e-03,  -9.99903448e-02,
         -1.43318510e-02,  -1.27717341e-01,   2.45577783e-02,
          4.26432395e-03,   8.20607493e-03,   2.92067603e-02,
         -2.33182805e-03,   2.40830168e-02,   4.60186901e-01,
         -1.74384209e-03,  -4.93948129e-03,  -6.53069411e-04,
         -4.08050854e-03,  -1.53363328e-02,   2.67308799e-04,
         -2.59716266e-02,   4.91558407e-03,  -2.53952117e-02,
         -2.36000510e-02,  -1.24577132e-02,   1.01059050e+00]])], 'QCD_rate_El': [(-0.91574385958311133, 0.67651172133314685)], 'QCD_rate_Mu': [(0.22175896552659857, 1.018670543962962)], 'tW_rate': [(0.48166807254011346, 1.0076487907241627)]}, 'bs1800': {'diBoson_rate': [(0.031743213892911015, 0.99808710817848834)], 'leptonSFIso': [(-0.053382262132930514, 0.99980920984442867)], 'schannel_rate': [(-0.0041024462535403927, 0.99294810619309848)], 'tchannel_rate': [(-0.032228023597154376, 0.99194548004529359)], 'BTag': [(0.26556696440924821, 0.93841475491668458)], 'PU': [(0.32430480390445293, 0.93662158343201263)], 'leptonSFID': [(-0.26960633289619462, 0.97897153980768747)], 'wjets_rate_El': [(0.47145373523957268, 1.0457603050050337)], 'leptonSFTrig': [(-0.12845871951165577, 0.99297210226570098)], 'JER': [(-0.95351122022487633, 0.57046972032376475)], 'JES': [(0.34407021954501182, 0.97874991112189669)], 'wjets_rate_Mu': [(0.13318791524169526, 1.0017359014958207)], 'ttbar_rate': [(0.84207140566443073, 0.82418431806014691)], 'zjets_rate': [(0.052834120501805693, 0.99754274813014954)], 'beta_signal': [(6.2931171666559784, 7.1972241987387235)], 'Mass': [(-0.6705929520548306, 0.85750147239022656)], 'MisTag': [(0.14512026519898402, 2.0147535873384479)], 'lumi': [(0.49430227844935093, 0.93964299694403897)], 'PDF': [(-0.65200951101372695, 0.55589697697715246)], 'UnclusteredMET': [(0.17244331077265951, 0.92561689339656272)], '__nll': [-39687.101162566993], 'Q2_slep': [(-0.55362627915223328, 0.19882031152845903)], '__cov': [array([[  8.91212990e-01,   1.36423132e-03,  -7.33385813e-03,
         -2.21839829e-02,  -4.75999461e-01,   6.29257710e-03,
          4.56174810e-02,  -5.19021035e-03,  -2.25098819e-02,
          1.97603387e-02,   2.13616528e-02,   2.62629399e-01,
         -1.94813278e-03,  -3.21167143e-02,  -5.01481745e-03,
         -2.28954956e-02,  -1.01858730e-01,  -9.64389339e-05,
         -8.03666628e-02,   2.89465036e-03,  -1.77342274e-01,
         -3.43273229e-02,  -4.50120564e-02,  -2.46709642e-02],
       [  1.36423132e-03,   3.26914848e-01,   4.51339978e-02,
          4.80907356e-02,   1.39640091e-01,  -5.10857642e-02,
         -1.73179070e-02,  -1.16227064e-02,  -3.85704146e-02,
         -3.38870135e-03,  -1.95000453e-03,   8.32607360e-02,
         -2.04605933e-03,  -4.66471794e-03,  -5.45705780e-04,
         -4.23279449e-03,   6.19112537e-03,  -5.94852195e-04,
          5.08899810e-03,  -5.05739010e-03,   1.39463257e-02,
         -1.92927256e-02,   1.79956453e-02,  -1.18346521e-03],
       [ -7.33385813e-03,   4.51339978e-02,   9.70529874e-01,
          1.56599746e-01,   4.90302930e-01,  -1.49309567e-01,
          1.17115023e-02,  -6.53909988e-02,  -2.29562538e-01,
         -4.91081622e-02,  -2.71935229e-01,  -1.49906361e+00,
          1.17712805e-02,   2.23643858e-02,   6.26746621e-03,
          3.85025461e-03,  -3.50844487e-02,  -4.75062678e-03,
          6.10469422e-02,  -4.33282277e-02,  -4.54802742e-02,
          1.01027208e-02,   4.97105296e-02,  -9.36082625e-02],
       [ -2.21839829e-02,   4.80907356e-02,   1.56599746e-01,
          7.42784919e-01,   2.22127204e-01,  -1.20883632e-01,
          1.27754266e-02,  -5.52878696e-02,  -7.55605751e-02,
         -1.22414160e-02,  -1.22483822e-01,   6.32269567e-02,
         -3.61136663e-06,  -4.78836204e-03,   5.39411973e-04,
         -6.82889966e-03,  -2.19430618e-02,  -1.92324445e-03,
          3.67586500e-03,  -5.05361433e-03,  -3.81555349e-02,
         -4.82649560e-02,   2.68604830e-02,  -1.51416689e-02],
       [ -4.75999461e-01,   1.39640091e-01,   4.90302930e-01,
          2.22127204e-01,   4.30095767e+00,  -6.63481037e-01,
         -3.08428638e-01,  -5.43660794e-02,  -4.67912819e-01,
         -2.35903503e-01,  -1.06687703e-01,  -3.96081807e+00,
         -4.12252469e-02,  -5.44675001e-03,   1.18407225e-02,
         -7.93880167e-02,  -2.20098493e-01,  -1.55928954e-02,
         -1.60679325e-01,  -9.78528932e-02,  -3.14389481e-01,
         -1.02324319e+00,  -1.54111884e-01,  -1.27431731e-01],
       [  6.29257710e-03,  -5.10857642e-02,  -1.49309567e-01,
         -1.20883632e-01,  -6.63481037e-01,   3.10328165e-01,
          3.31350223e-02,   1.32574510e-02,   1.13566228e-01,
         -1.04615238e-02,  -8.58039503e-03,  -9.54129160e-01,
          3.74267430e-04,  -1.13598172e-01,  -1.91235926e-02,
         -7.06888966e-02,  -7.41703900e-03,   2.87371592e-04,
         -8.89719349e-03,   1.63785539e-03,  -2.15401573e-02,
          2.82530513e-01,  -2.32052857e-01,   2.59925477e-02],
       [  4.56174810e-02,  -1.73179070e-02,   1.17115023e-02,
          1.27754266e-02,  -3.08428638e-01,   3.31350223e-02,
          8.87784172e-01,   9.86679190e-03,  -4.31035335e-02,
         -8.22721454e-03,   3.68525959e-02,   4.64374526e-01,
          3.28618672e-04,   1.24420748e-02,   2.13551215e-03,
          1.04681009e-02,   3.30529919e-02,  -3.91056026e-04,
          4.27957117e-02,  -2.36762269e-03,   5.46926086e-02,
          6.38984868e-02,   3.95438627e-02,   4.33689294e-03],
       [ -5.19021035e-03,  -1.16227064e-02,  -6.53909988e-02,
         -5.52878696e-02,  -5.43660794e-02,   1.32574510e-02,
          9.86679190e-03,   3.95506702e-02,   1.37053284e-02,
         -2.34340762e-03,   3.93884388e-02,  -2.58164672e-02,
          1.43176173e-03,   3.57144912e-03,   9.06655581e-04,
          2.18908799e-03,   8.03266095e-03,   7.41061010e-05,
          1.22535509e-03,   1.47930139e-03,   1.29013014e-02,
         -1.79082048e-02,   8.34909024e-03,   7.09907911e-03],
       [ -2.25098819e-02,  -3.85704146e-02,  -2.29562538e-01,
         -7.55605751e-02,  -4.67912819e-01,   1.13566228e-01,
         -4.31035335e-02,   1.37053284e-02,   4.62289330e-01,
          3.25337871e-02,   1.13410241e-02,  -6.65452655e-01,
         -7.43173445e-03,   1.64222631e-02,   2.60931198e-03,
          1.23033156e-02,  -1.28989097e-02,  -1.29728894e-03,
         -1.29150331e-02,  -2.73847641e-03,  -2.86216134e-02,
         -1.15972184e-01,   5.55918541e-02,   2.98315913e-02],
       [  1.97603387e-02,  -3.38870135e-03,  -4.91081622e-02,
         -1.22414160e-02,  -2.35903503e-01,  -1.04615238e-02,
         -8.22721454e-03,  -2.34340762e-03,   3.25337871e-02,
          1.05694885e+00,  -2.70244556e-03,   5.20372233e-01,
         -1.51753394e-03,   4.87508820e-03,   1.06117281e-03,
          2.56373281e-03,   2.20303054e-02,   3.09544826e-05,
          1.57793818e-02,  -8.89599887e-04,   4.10511357e-02,
          3.05988371e-02,  -3.00173727e-02,  -1.34130384e-03],
       [  2.13616528e-02,  -1.95000453e-03,  -2.71935229e-01,
         -1.22483822e-01,  -1.06687703e-01,  -8.58039503e-03,
          3.68525959e-02,   3.93884388e-02,   1.13410241e-02,
         -2.70244556e-03,   8.66769375e-01,   8.47072299e-01,
         -4.39589685e-04,   9.49544609e-03,   1.86767737e-03,
          8.13608746e-03,   2.15401771e-02,  -2.67032033e-04,
          2.07354984e-03,   2.19229721e-03,   3.57400878e-02,
         -2.66094257e-02,   7.18547799e-02,   2.27432047e-02],
       [  2.62629399e-01,   8.32607360e-02,  -1.49906361e+00,
          6.32269567e-02,  -3.96081807e+00,  -9.54129160e-01,
          4.64374526e-01,  -2.58164672e-02,  -6.65452655e-01,
          5.20372233e-01,   8.47072299e-01,   1.81309627e+02,
         -6.68424635e-02,   1.06652336e+00,   1.57071619e-01,
          6.45560635e-01,   8.20810400e-01,   2.21857085e-02,
          1.70828478e-01,  -9.47557863e-02,   1.85235592e+00,
         -3.75279934e-01,   4.66844184e-01,   5.75760157e-01],
       [ -1.94813278e-03,  -2.04605933e-03,   1.17712805e-02,
         -3.61136663e-06,  -4.12252469e-02,   3.74267430e-04,
          3.28618672e-04,   1.43176173e-03,  -7.43173445e-03,
         -1.51753394e-03,  -4.39589685e-04,  -6.68424635e-02,
          1.00972632e+00,  -5.13600185e-04,  -8.80822044e-05,
         -3.39641713e-05,  -2.51613167e-03,  -7.54994723e-05,
         -1.00189468e-03,  -6.64765275e-04,  -5.40326483e-03,
          3.32974176e-03,  -2.19353008e-03,  -1.39397283e-03],
       [ -3.21167143e-02,  -4.66471794e-03,   2.23643858e-02,
         -4.78836204e-03,  -5.44675001e-03,  -1.13598172e-01,
          1.24420748e-02,   3.57144912e-03,   1.64222631e-02,
          4.87508820e-03,   9.49544609e-03,   1.06652336e+00,
         -5.13600185e-04,   9.70951663e-01,  -5.58865662e-03,
         -2.38183114e-02,  -3.48081648e-02,  -3.04530723e-04,
         -2.42653620e-02,   3.47785208e-04,  -6.14921496e-02,
          2.27679157e-02,  -4.01789680e-02,  -5.99959468e-03],
       [ -5.01481745e-03,  -5.45705780e-04,   6.26746621e-03,
          5.39411973e-04,   1.18407225e-02,  -1.91235926e-02,
          2.13551215e-03,   9.06655581e-04,   2.60931198e-03,
          1.06117281e-03,   1.86767737e-03,   1.57071619e-01,
         -8.80822044e-05,  -5.58865662e-03,   1.01326272e+00,
         -3.66627842e-03,  -5.20153685e-03,  -4.66834768e-05,
         -3.75919736e-03,  -8.20936628e-06,  -9.13825904e-03,
          3.97247557e-03,  -6.50951223e-03,  -8.26530440e-04],
       [ -2.28954956e-02,  -4.23279449e-03,   3.85025461e-03,
         -6.82889966e-03,  -7.93880167e-02,  -7.06888966e-02,
          1.04681009e-02,   2.18908799e-03,   1.23033156e-02,
          2.56373281e-03,   8.13608746e-03,   6.45560635e-01,
         -3.39641713e-05,  -2.38183114e-02,  -3.66627842e-03,
          9.99271886e-01,  -2.54133876e-02,  -1.04701779e-04,
         -1.78274310e-02,   6.69643719e-04,  -4.51374644e-02,
          1.74313599e-02,  -2.47373799e-02,  -4.58239748e-03],
       [ -1.01858730e-01,   6.19112537e-03,  -3.50844487e-02,
         -2.19430618e-02,  -2.20098493e-01,  -7.41703900e-03,
          3.30529919e-02,   8.03266095e-03,  -1.28989097e-02,
          2.20303054e-02,   2.15401771e-02,   8.20810400e-01,
         -2.51613167e-03,  -3.48081648e-02,  -5.20153685e-03,
         -2.54133876e-02,   8.93652166e-01,  -3.16002896e-04,
         -9.33861435e-02,   2.74300038e-03,  -1.89306684e-01,
         -6.25552865e-02,  -1.29373429e-02,  -1.58788349e-02],
       [ -9.64389339e-05,  -5.94852195e-04,  -4.75062678e-03,
         -1.92324445e-03,  -1.55928954e-02,   2.87371592e-04,
         -3.91056026e-04,   7.41061010e-05,  -1.29728894e-03,
          3.09544826e-05,  -2.67032033e-04,   2.21857085e-02,
         -7.54994723e-05,  -3.04530723e-04,  -4.66834768e-05,
         -1.04701779e-04,  -3.16002896e-04,   9.99213971e-01,
         -3.88381973e-04,   8.35618343e-05,  -2.44849394e-04,
          3.09740925e-04,  -2.28068009e-04,   2.89900815e-04],
       [ -8.03666628e-02,   5.08899810e-03,   6.10469422e-02,
          3.67586500e-03,  -1.60679325e-01,  -8.89719349e-03,
          4.27957117e-02,   1.22535509e-03,  -1.29150331e-02,
          1.57793818e-02,   2.07354984e-03,   1.70828478e-01,
         -1.00189468e-03,  -2.42653620e-02,  -3.75919736e-03,
         -1.78274310e-02,  -9.33861435e-02,  -3.88381973e-04,
          1.03013605e+00,  -3.59617786e-04,  -1.70761244e-01,
         -4.23386297e-02,  -9.57505159e-03,  -2.53083108e-02],
       [  2.89465036e-03,  -5.05739010e-03,  -4.33282277e-02,
         -5.05361433e-03,  -9.78528932e-02,   1.63785539e-03,
         -2.36762269e-03,   1.47930139e-03,  -2.73847641e-03,
         -8.89599887e-04,   2.19229721e-03,  -9.47557863e-02,
         -6.64765275e-04,   3.47785208e-04,  -8.20936628e-06,
          6.69643719e-04,   2.74300038e-03,   8.35618343e-05,
         -3.59617786e-04,   9.97170330e-01,   6.37943319e-03,
          3.47745298e-03,  -3.66254088e-04,   5.18392552e-03],
       [ -1.77342274e-01,   1.39463257e-02,  -4.54802742e-02,
         -3.81555349e-02,  -3.14389481e-01,  -2.15401573e-02,
          5.46926086e-02,   1.29013014e-02,  -2.86216134e-02,
          4.10511357e-02,   3.57400878e-02,   1.85235592e+00,
         -5.40326483e-03,  -6.14921496e-02,  -9.13825904e-03,
         -4.51374644e-02,  -1.89306684e-01,  -2.44849394e-04,
         -1.70761244e-01,   6.37943319e-03,   6.85721286e-01,
         -1.11262704e-01,  -1.86298683e-02,  -2.63654084e-02],
       [ -3.43273229e-02,  -1.92927256e-02,   1.01027208e-02,
         -4.82649560e-02,  -1.02324319e+00,   2.82530513e-01,
          6.38984868e-02,  -1.79082048e-02,  -1.15972184e-01,
          3.05988371e-02,  -2.66094257e-02,  -3.75279934e-01,
          3.32974176e-03,   2.27679157e-02,   3.97247557e-03,
          1.74313599e-02,  -6.25552865e-02,   3.09740925e-04,
         -4.23386297e-02,   3.47745298e-03,  -1.11262704e-01,
          1.11012820e+00,   6.18520644e-02,  -2.07756673e-02],
       [ -4.50120564e-02,   1.79956453e-02,   4.97105296e-02,
          2.68604830e-02,  -1.54111884e-01,  -2.32052857e-01,
          3.95438627e-02,   8.34909024e-03,   5.55918541e-02,
         -3.00173727e-02,   7.18547799e-02,   4.66844184e-01,
         -2.19353008e-03,  -4.01789680e-02,  -6.50951223e-03,
         -2.47373799e-02,  -1.29373429e-02,  -2.28068009e-04,
         -9.57505159e-03,  -3.66254088e-04,  -1.86298683e-02,
          6.18520644e-02,   1.01723412e+00,  -1.20948855e-02],
       [ -2.46709642e-02,  -1.18346521e-03,  -9.36082625e-02,
         -1.51416689e-02,  -1.27431731e-01,   2.59925477e-02,
          4.33689294e-03,   7.09907911e-03,   2.98315913e-02,
         -1.34130384e-03,   2.27432047e-02,   5.75760157e-01,
         -1.39397283e-03,  -5.99959468e-03,  -8.26530440e-04,
         -4.58239748e-03,  -1.58788349e-02,   2.89900815e-04,
         -2.53083108e-02,   5.18392552e-03,  -2.63654084e-02,
         -2.07756673e-02,  -1.20948855e-02,   1.00861111e+00]])], 'QCD_rate_El': [(-0.90050730078979679, 0.67775050454949248)], 'QCD_rate_Mu': [(0.22917839238421234, 1.020821592707013)], 'tW_rate': [(0.4799091223829004, 1.0079215343533208)]}, 'bs1300': {'diBoson_rate': [(0.025067008889816833, 0.99701260045078799)], 'leptonSFIso': [(-0.047574891927360419, 0.99909146233388069)], 'schannel_rate': [(-0.0064116023357065899, 0.99263940220855917)], 'tchannel_rate': [(-0.048586525549740855, 0.99008156440477979)], 'BTag': [(0.26781061043886289, 0.91299321484234985)], 'PU': [(0.28154856262132633, 0.92547330080643153)], 'leptonSFID': [(-0.23455399387699671, 0.98053102453240837)], 'wjets_rate_El': [(0.42864858297343744, 0.92819472816562509)], 'leptonSFTrig': [(-0.11246591060441169, 0.990907610278986)], 'JER': [(-0.96097740980536894, 0.57111756956572535)], 'JES': [(0.40404743382239339, 0.80929100141174048)], 'wjets_rate_Mu': [(0.12036199967525629, 0.99469993511312138)], 'ttbar_rate': [(0.90274907956017802, 0.81972061689733566)], 'zjets_rate': [(0.048862646504224116, 0.99418814879857065)], 'beta_signal': [(1.3693627411430382, 1.691032230643605)], 'Mass': [(-0.63302224105581573, 0.85815662713767504)], 'MisTag': [(-0.029641154614179932, 0.92675643870377789)], 'lumi': [(0.52669512294107168, 0.93525253380016649)], 'PDF': [(-0.70963381595010411, 0.47030108486727507)], 'UnclusteredMET': [(0.13730296646215123, 0.91604151753806473)], '__nll': [-39687.257137328867], 'Q2_slep': [(-0.54995235486430527, 0.19261338639951298)], '__cov': [array([[  8.43036178e-01,   1.64197730e-02,   3.32702406e-02,
         -1.90317039e-03,  -3.13068228e-02,  -6.28999354e-02,
          1.31486397e-02,  -1.02721395e-02,  -6.72159230e-02,
         -3.82209714e-03,   1.42138448e-02,  -5.35237840e-02,
         -6.32050682e-03,  -3.49989827e-02,  -4.13791922e-03,
         -3.25399228e-02,  -1.26386446e-01,  -1.70143072e-03,
         -9.92157005e-02,  -6.72053008e-03,  -2.13291514e-01,
         -1.47778317e-01,  -6.28640947e-02,  -3.74729212e-02],
       [  1.64197730e-02,   3.27662070e-01,   2.71818572e-02,
          4.18208455e-02,   9.35585553e-03,  -2.93021052e-02,
         -8.55572810e-03,  -9.62952589e-03,  -2.21181202e-02,
          3.49994349e-03,  -2.72510898e-04,   1.72761062e-02,
         -8.42320447e-04,  -5.05400141e-03,  -1.00376605e-03,
         -1.96437647e-03,   1.28930648e-02,  -1.62446779e-04,
          1.03807094e-02,  -1.42457769e-03,   2.34042259e-02,
          1.31348883e-02,   2.28803832e-02,   2.18971239e-03],
       [  3.32702406e-02,   2.71818572e-02,   6.60803324e-01,
          9.82747854e-02,   1.99934290e-02,  -6.64333544e-02,
          3.63784807e-02,  -4.20902729e-02,  -1.37422571e-01,
         -1.74720464e-02,  -1.81396690e-01,   7.64824379e-02,
          1.08620582e-02,   2.69770992e-02,   5.32083349e-03,
          1.45566351e-02,  -9.91756771e-04,  -2.29360862e-03,
          6.19270771e-02,  -2.58334610e-02,   5.74973687e-03,
          7.53109735e-02,   4.52737854e-02,  -5.57507174e-02],
       [ -1.90317039e-03,   4.18208455e-02,   9.82747854e-02,
          7.43916796e-01,   4.66938373e-03,  -9.44302772e-02,
          2.43299153e-02,  -5.01025232e-02,  -5.34565440e-02,
         -4.52393953e-03,  -1.05515839e-01,   1.50742811e-01,
          6.93300650e-04,  -7.41216810e-05,   7.32803306e-04,
         -8.62017439e-04,  -6.04622895e-03,  -1.20586334e-03,
          9.37479002e-03,  -3.85536939e-04,  -1.17406466e-02,
         -1.12280798e-02,   2.79085434e-02,  -5.00274360e-03],
       [ -3.13068228e-02,   9.35585553e-03,   1.99934290e-02,
          4.66938373e-03,   8.68918208e-01,  -2.48432475e-02,
         -1.35795943e-02,  -3.81709522e-03,  -9.63931293e-03,
         -3.77124056e-03,  -3.03122393e-03,  -2.97268234e-01,
         -8.40901059e-04,  -1.40390248e-02,  -1.57287174e-03,
         -1.22076538e-02,  -2.41402391e-02,  -6.23565652e-04,
         -1.57807975e-02,  -1.64533373e-03,  -4.22314859e-02,
         -5.64311428e-02,  -1.24618454e-02,  -9.71651760e-03],
       [ -6.28999354e-02,  -2.93021052e-02,  -6.64333544e-02,
         -9.44302772e-02,  -2.48432475e-02,   2.21853411e-01,
         -2.78752848e-03,   3.11703601e-03,   5.45716630e-02,
         -3.33999525e-02,  -2.38649785e-02,  -3.56389830e-01,
         -4.17083435e-03,  -1.22569373e-01,  -1.87609928e-02,
         -8.58812901e-02,  -4.83977371e-02,  -1.70588915e-03,
         -3.77602388e-02,  -1.06119925e-02,  -8.59556316e-02,
          1.47904669e-01,  -2.43982288e-01,   4.25282935e-03],
       [  1.31486397e-02,  -8.55572810e-03,   3.63784807e-02,
          2.43299153e-02,  -1.35795943e-02,  -2.78752848e-03,
          8.66517593e-01,   7.05311486e-03,  -6.25196445e-02,
         -1.88736897e-02,   3.09668847e-02,  -1.05504470e-01,
         -1.12532452e-03,   5.40585780e-03,   1.81624154e-03,
          1.67009954e-03,   1.27103500e-02,  -1.16110715e-03,
          2.85733644e-02,  -6.15335111e-03,   2.22753684e-02,
         -1.55074448e-03,   3.25125195e-02,  -7.68986459e-03],
       [ -1.02721395e-02,  -9.62952589e-03,  -4.20902729e-02,
         -5.01025232e-02,  -3.81709522e-03,   3.11703601e-03,
          7.05311486e-03,   3.71185460e-02,   3.61500464e-03,
         -5.32212316e-03,   3.26441633e-02,   2.80115813e-04,
          1.04822847e-03,   4.33105646e-03,   1.20269704e-03,
          1.64410551e-03,   5.37088931e-03,  -1.61409604e-04,
          8.33171382e-04,  -8.57498158e-04,   9.52156261e-03,
         -2.79957955e-02,   7.23374231e-03,   4.11370524e-03],
       [ -6.72159230e-02,  -2.21181202e-02,  -1.37422571e-01,
         -5.34565440e-02,  -9.63931293e-03,   5.45716630e-02,
         -6.25196445e-02,   3.61500464e-03,   4.25109563e-01,
          1.91536630e-02,  -8.61976478e-03,  -3.06098984e-01,
         -9.10748864e-03,   9.13659976e-03,   2.59371354e-03,
          1.55373542e-03,  -4.32950976e-02,  -2.57679639e-03,
         -3.07126133e-02,  -1.06546711e-02,  -7.78650619e-02,
         -2.00966484e-01,   4.51006682e-02,   1.21622528e-02],
       [ -3.82209714e-03,   3.49994349e-03,  -1.74720464e-02,
         -4.52393953e-03,  -3.77124056e-03,  -3.33999525e-02,
         -1.88736897e-02,  -5.32212316e-03,   1.91536630e-02,
          1.02951348e+00,  -9.28792720e-03,  -1.20401110e-01,
         -2.02872373e-03,  -4.18033059e-03,   1.60840559e-04,
         -5.78648356e-03,   4.27171472e-03,  -5.63629019e-04,
          5.63159059e-03,  -3.07635771e-03,   1.08491675e-02,
         -1.19322889e-02,  -3.00182737e-02,  -9.90375643e-03],
       [  1.42138448e-02,  -2.72510898e-04,  -1.81396690e-01,
         -1.05515839e-01,  -3.03122393e-03,  -2.38649785e-02,
          3.09668847e-02,   3.26441633e-02,  -8.61976478e-03,
         -9.28792720e-03,   8.48719294e-01,  -1.19738475e-02,
          4.16111697e-04,   6.02344387e-03,   1.69367481e-03,
          4.52030158e-03,   1.32052881e-02,  -8.64937241e-04,
          5.30129194e-03,  -1.00641325e-03,   2.10343529e-02,
         -3.93300802e-02,   7.13492372e-02,   1.59621106e-02],
       [ -5.35237840e-02,   1.72761062e-02,   7.64824379e-02,
          1.50742811e-01,  -2.97268234e-01,  -3.56389830e-01,
         -1.05504470e-01,   2.80115813e-04,  -3.06098984e-01,
         -1.20401110e-01,  -1.19738475e-02,   3.68990541e+00,
         -2.62637951e-02,   2.02803481e-01,   3.49308988e-02,
          9.87215634e-02,   1.23148052e-01,  -4.76906506e-03,
          7.41885949e-02,  -5.77688203e-02,   3.38372013e-01,
         -2.86789453e-01,   7.02454238e-02,   3.80682403e-02],
       [ -6.32050682e-03,  -8.42320447e-04,   1.08620582e-02,
          6.93300650e-04,  -8.40901059e-04,  -4.17083435e-03,
         -1.12532452e-03,   1.04822847e-03,  -9.10748864e-03,
         -2.02872373e-03,   4.16111697e-04,  -2.62637951e-02,
          1.00752348e+00,  -1.52428904e-03,  -1.50999652e-04,
         -1.24485032e-03,  -5.17749804e-03,  -1.52484270e-04,
         -3.14512989e-03,  -1.01214823e-03,  -9.50445765e-03,
         -5.68888489e-03,  -2.97655197e-03,  -2.11355118e-03],
       [ -3.49989827e-02,  -5.05400141e-03,   2.69770992e-02,
         -7.41216810e-05,  -1.40390248e-02,  -1.22569373e-01,
          5.40585780e-03,   4.33105646e-03,   9.13659976e-03,
         -4.18033059e-03,   6.02344387e-03,   2.02803481e-01,
         -1.52428904e-03,   9.74079426e-01,  -4.93611307e-03,
         -2.28245187e-02,  -3.11306236e-02,  -5.83552285e-04,
         -2.07567807e-02,  -1.73168454e-03,  -5.28448478e-02,
          1.30905470e-02,  -4.26758015e-02,  -6.14013901e-03],
       [ -4.13791922e-03,  -1.00376605e-03,   5.32083349e-03,
          7.32803306e-04,  -1.57287174e-03,  -1.87609928e-02,
          1.81624154e-03,   1.20269704e-03,   2.59371354e-03,
          1.60840559e-04,   1.69367481e-03,   3.49308988e-02,
         -1.50999652e-04,  -4.93611307e-03,   1.01178812e+00,
         -3.20478329e-03,  -3.85948340e-03,  -4.80284953e-05,
         -2.71754852e-03,  -9.36157098e-05,  -6.59687423e-03,
          5.16962549e-03,  -6.55598083e-03,  -4.29750059e-04],
       [ -3.25399228e-02,  -1.96437647e-03,   1.45566351e-02,
         -8.62017439e-04,  -1.22076538e-02,  -8.58812901e-02,
          1.67009954e-03,   1.64410551e-03,   1.55373542e-03,
         -5.78648356e-03,   4.52030158e-03,   9.87215634e-02,
         -1.24485032e-03,  -2.28245187e-02,  -3.20478329e-03,
          9.95062831e-01,  -2.74104491e-02,  -5.04832421e-04,
         -1.88052000e-02,  -1.98851780e-03,  -4.63626861e-02,
         -5.21264550e-03,  -2.85688355e-02,  -6.84403341e-03],
       [ -1.26386446e-01,   1.28930648e-02,  -9.91756771e-04,
         -6.04622895e-03,  -2.41402391e-02,  -4.83977371e-02,
          1.27103500e-02,   5.37088931e-03,  -4.32950976e-02,
          4.27171472e-03,   1.32052881e-02,   1.23148052e-01,
         -5.17749804e-03,  -3.11306236e-02,  -3.85948340e-03,
         -2.74104491e-02,   8.85233948e-01,  -1.35056129e-03,
         -9.89269523e-02,  -3.99238708e-03,  -1.98409577e-01,
         -1.19426443e-01,  -1.90369641e-02,  -2.28521018e-02],
       [ -1.70143072e-03,  -1.62446779e-04,  -2.29360862e-03,
         -1.20586334e-03,  -6.23565652e-04,  -1.70588915e-03,
         -1.16110715e-03,  -1.61409604e-04,  -2.57679639e-03,
         -5.63629019e-04,  -8.64937241e-04,  -4.76906506e-03,
         -1.52484270e-04,  -5.83552285e-04,  -4.80284953e-05,
         -5.04832421e-04,  -1.35056129e-03,   9.98584355e-01,
         -9.49399114e-04,  -1.78163928e-04,  -1.79208226e-03,
         -2.86085625e-03,  -4.95930647e-04,  -2.90220420e-04],
       [ -9.92157005e-02,   1.03807094e-02,   6.19270771e-02,
          9.37479002e-03,  -1.57807975e-02,  -3.77602388e-02,
          2.85733644e-02,   8.33171382e-04,  -3.07126133e-02,
          5.63159059e-03,   5.30129194e-03,   7.41885949e-02,
         -3.14512989e-03,  -2.07567807e-02,  -2.71754852e-03,
         -1.88052000e-02,  -9.89269523e-02,  -9.49399114e-04,
          1.02739114e+00,  -4.09618901e-03,  -1.77856366e-01,
         -8.78291522e-02,  -1.54446451e-02,  -2.76597701e-02],
       [ -6.72053008e-03,  -1.42457769e-03,  -2.58334610e-02,
         -3.85536939e-04,  -1.64533373e-03,  -1.06119925e-02,
         -6.15335111e-03,  -8.57498158e-04,  -1.06546711e-02,
         -3.07635771e-03,  -1.00641325e-03,  -5.77688203e-02,
         -1.01214823e-03,  -1.73168454e-03,  -9.36157098e-05,
         -1.98851780e-03,  -3.99238708e-03,  -1.78163928e-04,
         -4.09618901e-03,   9.93376599e-01,  -3.84868796e-03,
         -1.49987434e-02,  -1.74318229e-03,   1.55061452e-03],
       [ -2.13291514e-01,   2.34042259e-02,   5.74973687e-03,
         -1.17406466e-02,  -4.22314859e-02,  -8.59556316e-02,
          2.22753684e-02,   9.52156261e-03,  -7.78650619e-02,
          1.08491675e-02,   2.10343529e-02,   3.38372013e-01,
         -9.50445765e-03,  -5.28448478e-02,  -6.59687423e-03,
         -4.63626861e-02,  -1.98409577e-01,  -1.79208226e-03,
         -1.77856366e-01,  -3.84868796e-03,   6.78271994e-01,
         -1.98132631e-01,  -2.75385185e-02,  -3.59941978e-02],
       [ -1.47778317e-01,   1.31348883e-02,   7.53109735e-02,
         -1.12280798e-02,  -5.64311428e-02,   1.47904669e-01,
         -1.55074448e-03,  -2.79957955e-02,  -2.00966484e-01,
         -1.19322889e-02,  -3.93300802e-02,  -2.86789453e-01,
         -5.68888489e-03,   1.30905470e-02,   5.16962549e-03,
         -5.21264550e-03,  -1.19426443e-01,  -2.86085625e-03,
         -8.78291522e-02,  -1.49987434e-02,  -1.98132631e-01,
          8.71725255e-01,   2.42496662e-02,  -4.59834490e-02],
       [ -6.28640947e-02,   2.28803832e-02,   4.52737854e-02,
          2.79085434e-02,  -1.24618454e-02,  -2.43982288e-01,
          3.25125195e-02,   7.23374231e-03,   4.51006682e-02,
         -3.00182737e-02,   7.13492372e-02,   7.02454238e-02,
         -2.97655197e-03,  -4.26758015e-02,  -6.55598083e-03,
         -2.85688355e-02,  -1.90369641e-02,  -4.95930647e-04,
         -1.54446451e-02,  -1.74318229e-03,  -2.75385185e-02,
          2.42496662e-02,   1.00279882e+00,  -1.33212891e-02],
       [ -3.74729212e-02,   2.18971239e-03,  -5.57507174e-02,
         -5.00274360e-03,  -9.71651760e-03,   4.25282935e-03,
         -7.68986459e-03,   4.11370524e-03,   1.21622528e-02,
         -9.90375643e-03,   1.59621106e-02,   3.80682403e-02,
         -2.11355118e-03,  -6.14013901e-03,  -4.29750059e-04,
         -6.84403341e-03,  -2.28521018e-02,  -2.90220420e-04,
         -2.76597701e-02,   1.55061452e-03,  -3.59941978e-02,
