{'bs1700': {'JER': [(0.12128780265210803, 0.95166046560349304)], 'JES': [(0.20087341663984848, 0.57403671482669472)], 'tau_scalefactor': [(0.16754214904234033, 0.98816678144050707)], 'trig': [(-0.013035135449746882, 0.99328469269100261)], 'beta_signal': [(0.021169640742756402, 1.267724671868296)], 'bkg': [(-0.62479231129212032, 0.64077997456875768)], 'ttbar_rate_had': [(0.36542139769073767, 0.9841714839765201)], '__nll': [-610.32381943572034], '__cov': [array([[  9.16839706e-01,  -3.63490383e-04,  -1.51456913e-02,
         -4.30626770e-03,   7.91305339e-03,   1.07584915e-04,
         -5.87857571e-05,   4.84616303e-04,  -7.27789574e-05,
          1.15762089e-02,   6.15706760e-04,   2.03325814e-04,
          3.07997555e-02],
       [ -3.63490383e-04,   3.30981502e-01,   3.53351248e-02,
         -4.35710350e-02,  -5.96442392e-02,  -2.29255444e-03,
          2.27931234e-05,  -1.03998981e-02,  -6.98220598e-03,
         -6.42850711e-02,  -7.44245602e-03,   1.53906899e-03,
         -1.58077678e-01],
       [ -1.51456913e-02,   3.53351248e-02,   3.74380134e-01,
          2.50925072e-02,  -1.48261090e-01,  -4.20766618e-03,
          1.03065490e-04,  -1.90748149e-02,  -2.80701117e-02,
         -9.15464271e-02,  -9.29699599e-04,  -7.39260751e-04,
         -2.18018276e-01],
       [ -4.30626770e-03,  -4.35710350e-02,   2.50925072e-02,
          1.73597416e-01,  -4.49069539e-02,   7.91425939e-07,
          8.05601202e-05,  -2.07852388e-05,   3.64065384e-03,
         -1.01523060e-02,   1.64065102e-03,   7.20299321e-04,
         -2.74601229e-02],
       [  7.91305339e-03,  -5.96442392e-02,  -1.48261090e-01,
         -4.49069539e-02,   4.12907791e-01,  -4.33994396e-03,
         -1.17110265e-04,  -1.96626006e-02,  -2.73896009e-02,
         -8.45266428e-02,  -2.73141958e-03,  -2.90419496e-03,
         -1.97071393e-01],
       [  1.07584915e-04,  -2.29255444e-03,  -4.20766618e-03,
          7.91425939e-07,  -4.33994396e-03,   1.00050902e+00,
          1.83912014e-05,   2.28324303e-03,   3.63307778e-03,
         -6.91616094e-04,  -8.85759162e-05,  -5.58593811e-06,
         -5.71180530e-03],
       [ -5.87857571e-05,   2.27931234e-05,   1.03065490e-04,
          8.05601202e-05,  -1.17110265e-04,   1.83912014e-05,
          1.00010007e+00,   8.32668532e-05,   5.10438601e-05,
         -1.40353308e-04,   9.24776800e-06,   3.19778675e-06,
         -5.22778288e-04],
       [  4.84616303e-04,  -1.03998981e-02,  -1.90748149e-02,
         -2.07852388e-05,  -1.96626006e-02,   2.28324303e-03,
          8.32668532e-05,   1.01038895e+00,   1.64452482e-02,
         -3.14133614e-03,  -4.04861759e-04,  -2.57107148e-05,
         -2.58784604e-02],
       [ -7.27789574e-05,  -6.98220598e-03,  -2.80701117e-02,
          3.64065384e-03,  -2.73896009e-02,   3.63307778e-03,
          5.10438601e-05,   1.64452482e-02,   1.02601008e+00,
         -4.96492086e-03,  -3.18434253e-04,   2.00160706e-05,
         -4.11367719e-02],
       [  1.15762089e-02,  -6.42850711e-02,  -9.15464271e-02,
         -1.01523060e-02,  -8.45266428e-02,  -6.91616094e-04,
         -1.40353308e-04,  -3.14133614e-03,  -4.96492086e-03,
          9.89500147e-01,   3.78988617e-05,  -9.96022701e-04,
         -2.50745796e-02],
       [  6.15706760e-04,  -7.44245602e-03,  -9.29699599e-04,
          1.64065102e-03,  -2.73141958e-03,  -8.85759162e-05,
          9.24776800e-06,  -4.04861759e-04,  -3.18434253e-04,
          3.78988617e-05,   9.99786864e-01,  -4.04803958e-05,
          8.16831502e-04],
       [  2.03325814e-04,   1.53906899e-03,  -7.39260751e-04,
          7.20299321e-04,  -2.90419496e-03,  -5.58593811e-06,
          3.19778675e-06,  -2.57107148e-05,   2.00160706e-05,
         -9.96022701e-04,  -4.04803958e-05,   9.99900789e-01,
         -2.67876004e-03],
       [  3.07997555e-02,  -1.58077678e-01,  -2.18018276e-01,
         -2.74601229e-02,  -1.97071393e-01,  -5.71180530e-03,
         -5.22778288e-04,  -2.58784604e-02,  -4.11367719e-02,
         -2.50745796e-02,   8.16831502e-04,  -2.67876004e-03,
          9.81464071e-01]])], 'lumi': [(0.011689998016067626, 0.99358271025789113)], 'schannel_rate': [(0.00041351851734017231, 0.99338238811061252)], 'subjet_scalefactor': [(0.052955424855531064, 0.99840962964732505)], 'Q2': [(-1.1354176950154504, 0.61025381460398131)], 'tchannel_rate': [(-0.00010624630052724626, 0.99322890889958027)], 'tW_rate': [(0.081830085989126999, 1.0059916320430586)]}, 'bs1800': {'JER': [(0.12264304470066634, 0.94835624270873931)], 'JES': [(0.20791822489217271, 0.57128671665265074)], 'tau_scalefactor': [(0.1673335032748664, 0.98971949659485459)], 'trig': [(-0.013010094381932902, 0.99328807896248517)], 'beta_signal': [(0.0099047172424950869, 3.241308259169891)], 'bkg': [(-0.62272421788469767, 0.67053694724919688)], 'ttbar_rate_had': [(0.36573429925502055, 0.99820470035468212)], '__nll': [-610.32264461071509], '__cov': [array([[  9.10405762e-01,  -2.59053259e-03,  -1.64041182e-02,
         -6.87917321e-03,   9.39272868e-03,   9.77594721e-05,
         -6.13632409e-05,   4.39997823e-04,  -2.81964040e-04,
          1.19181782e-02,   7.08083160e-04,   1.85242171e-04,
          3.18110653e-02],
       [ -2.59053259e-03,   3.27804093e-01,   6.40727395e-02,
          8.08769995e-02,  -9.94693878e-02,  -1.79571680e-03,
          5.92560069e-06,  -8.15924896e-03,  -1.84772562e-03,
         -7.37655087e-02,  -7.57895603e-03,   2.12818175e-03,
         -1.87661657e-01],
       [ -1.64041182e-02,   6.40727395e-02,   3.95943553e-01,
          9.11695266e-02,  -1.77773782e-01,  -3.96858785e-03,
          1.23338512e-04,  -1.79946020e-02,  -2.44262775e-02,
         -1.00216283e-01,  -1.92100742e-03,  -3.29067275e-04,
         -2.43507629e-01],
       [ -6.87917321e-03,   8.08769995e-02,   9.11695266e-02,
          3.33222064e-01,  -1.31623568e-01,   8.82946600e-04,
          1.34693407e-04,   3.97657901e-03,   1.47276845e-02,
         -3.65598084e-02,  -2.63954617e-03,   1.86736437e-03,
         -1.06385940e-01],
       [  9.39272868e-03,  -9.94693878e-02,  -1.77773782e-01,
         -1.31623568e-01,   4.52390380e-01,  -4.66635619e-03,
         -1.36441349e-04,  -2.11385459e-02,  -3.24293347e-02,
         -7.30671379e-02,  -1.29170188e-03,  -3.43972166e-03,
         -1.63295172e-01],
       [  9.77594721e-05,  -1.79571680e-03,  -3.96858785e-03,
          8.82946600e-04,  -4.66635619e-03,   1.00050593e+00,
          1.91809186e-05,   2.26989879e-03,   3.65238933e-03,
         -8.17478969e-04,  -1.09939737e-04,  -1.34868710e-06,
         -6.03283562e-03],
       [ -6.13632409e-05,   5.92560069e-06,   1.23338512e-04,
          1.34693407e-04,  -1.36441349e-04,   1.91809186e-05,
          1.00009760e+00,   8.68545886e-05,   5.86199192e-05,
         -1.43909025e-04,   9.37818841e-06,   3.35273383e-06,
         -5.38496582e-04],
       [  4.39997823e-04,  -8.15924896e-03,  -1.79946020e-02,
          3.97657901e-03,  -2.11385459e-02,   2.26989879e-03,
          8.68545886e-05,   1.01032775e+00,   1.65322710e-02,
         -3.71038556e-03,  -5.01284423e-04,  -6.54481861e-06,
         -2.73296521e-02],
       [ -2.81964040e-04,  -1.84772562e-03,  -2.44262775e-02,
          1.47276845e-02,  -3.24293347e-02,   3.65238933e-03,
          5.86199192e-05,   1.65322710e-02,   1.02647999e+00,
         -6.56943864e-03,  -4.87952851e-04,   8.92387474e-05,
         -4.56619409e-02],
       [  1.19181782e-02,  -7.37655087e-02,  -1.00216283e-01,
         -3.65598084e-02,  -7.30671379e-02,  -8.17478969e-04,
         -1.43909025e-04,  -3.71038556e-03,  -6.56943864e-03,
          9.92654159e-01,   3.87542318e-04,  -1.15622703e-03,
         -1.55040883e-02],
       [  7.08083160e-04,  -7.57895603e-03,  -1.92100742e-03,
         -2.63954617e-03,  -1.29170188e-03,  -1.09939737e-04,
          9.37818841e-06,  -5.01284423e-04,  -4.87952851e-04,
          3.87542318e-04,   9.99763306e-01,  -6.20387645e-05,
          1.93163488e-03],
       [  1.85242171e-04,   2.12818175e-03,  -3.29067275e-04,
          1.86736437e-03,  -3.43972166e-03,  -1.34868710e-06,
          3.35273383e-06,  -6.54481861e-06,   8.92387474e-05,
         -1.15622703e-03,  -6.20387645e-05,   9.99907699e-01,
         -3.14859912e-03],
       [  3.18110653e-02,  -1.87661657e-01,  -2.43507629e-01,
         -1.06385940e-01,  -1.63295172e-01,  -6.03283562e-03,
         -5.38496582e-04,  -2.73296521e-02,  -4.56619409e-02,
         -1.55040883e-02,   1.93163488e-03,  -3.14859912e-03,
          1.01004164e+00]])], 'lumi': [(0.011328726788748078, 0.99358119913597287)], 'schannel_rate': [(0.0004053575728457659, 0.99338117955959948)], 'subjet_scalefactor': [(0.052946649264797863, 0.99837980037198371)], 'Q2': [(-1.1357992394473522, 0.62748689649846545)], 'tchannel_rate': [(-0.00033957783913951545, 0.99321736345693168)], 'tW_rate': [(0.081946858600350225, 1.0062188010319457)]}, 'bs1300': {'JER': [(0.12176096264804137, 0.94668247833697894)], 'JES': [(0.20109708981695462, 0.56181710874741775)], 'tau_scalefactor': [(0.16031827535106391, 0.99235771656136107)], 'trig': [(-0.01294203689506368, 0.99328435799143833)], 'beta_signal': [(0.0089620534687200326, 0.24137407298834046)], 'bkg': [(-0.6206489710843357, 0.62966994567429091)], 'ttbar_rate_had': [(0.34984831676137862, 1.0040616052947176)], '__nll': [-610.32679488904478], '__cov': [array([[  9.07155418e-01,  -7.30507698e-04,  -1.43002142e-02,
         -2.22307138e-04,   6.73133074e-03,   1.21005462e-04,
         -4.73714997e-05,   5.45231675e-04,   3.74870538e-05,
          1.13742184e-02,   6.30744191e-04,   2.18291358e-04,
          3.01461109e-02],
       [ -7.30507698e-04,   3.16980738e-01,   4.59864421e-02,
         -5.28170772e-03,  -6.76349216e-02,  -1.94392723e-03,
         -1.78692465e-04,  -8.81740180e-03,  -4.89191130e-03,
         -6.12547089e-02,  -6.86458492e-03,   1.57745351e-03,
         -1.52487042e-01],
       [ -1.43002142e-02,   4.59864421e-02,   3.79442068e-01,
         -8.83669883e-03,  -1.40958393e-01,  -3.77918993e-03,
          2.20637446e-04,  -1.71136725e-02,  -2.59356101e-02,
         -8.14272074e-02,  -9.58153392e-04,  -1.03038332e-03,
         -1.93846493e-01],
       [ -2.22307138e-04,  -5.28170772e-03,  -8.83669883e-03,
          9.75718200e-03,  -1.32275091e-03,  -7.76299644e-04,
         -1.89961031e-04,  -3.53586691e-03,  -2.93885002e-03,
         -9.86143765e-03,  -1.85801059e-04,   1.92807745e-04,
         -2.08003445e-02],
       [  6.73133074e-03,  -6.76349216e-02,  -1.40958393e-01,
         -1.32275091e-03,   3.98635924e-01,  -4.13931097e-03,
          4.35975872e-06,  -1.87569439e-02,  -2.60748530e-02,
         -8.52553067e-02,  -2.34094911e-03,  -2.73357023e-03,
         -2.00562766e-01],
       [  1.21005462e-04,  -1.94392723e-03,  -3.77918993e-03,
         -7.76299644e-04,  -4.13931097e-03,   1.00052513e+00,
          2.61318021e-05,   2.35674202e-03,   3.69172660e-03,
         -1.38433944e-04,  -8.84128583e-05,  -1.95376778e-05,
         -4.33454255e-03],
       [ -4.73714997e-05,  -1.78692465e-04,   2.20637446e-04,
         -1.89961031e-04,   4.35975872e-06,   2.61318021e-05,
          1.00005599e+00,   1.18674160e-04,   1.11394941e-04,
          1.03085619e-04,   1.91247156e-05,  -2.72689006e-06,
          7.93662923e-05],
       [  5.45231675e-04,  -8.81740180e-03,  -1.71136725e-02,
         -3.53586691e-03,  -1.87569439e-02,   2.35674202e-03,
          1.18674160e-04,   1.01073509e+00,   1.67153310e-02,
         -6.19343053e-04,  -4.03655630e-04,  -8.92104619e-05,
         -1.96024846e-02],
       [  3.74870538e-05,  -4.89191130e-03,  -2.59356101e-02,
         -2.93885002e-03,  -2.60748530e-02,   3.69172660e-03,
          1.11394941e-04,   1.67153310e-02,   1.02610023e+00,
         -2.02600380e-03,  -2.66677903e-04,  -5.86063632e-05,
         -3.36172900e-02],
       [  1.13742184e-02,  -6.12547089e-02,  -8.14272074e-02,
         -9.86143765e-03,  -8.52553067e-02,  -1.38433944e-04,
          1.03085619e-04,  -6.19343053e-04,  -2.02600380e-03,
          9.98023934e-01,   2.90900338e-04,  -1.13649214e-03,
         -6.19988182e-03],
       [  6.30744191e-04,  -6.86458492e-03,  -9.58153392e-04,
         -1.85801059e-04,  -2.34094911e-03,  -8.84128583e-05,
          1.91247156e-05,  -4.03655630e-04,  -2.66677903e-04,
          2.90900338e-04,   9.99718772e-01,  -5.07730431e-05,
          1.50057827e-03],
       [  2.18291358e-04,   1.57745351e-03,  -1.03038332e-03,
          1.92807745e-04,  -2.73357023e-03,  -1.95376778e-05,
         -2.72689006e-06,  -8.92104619e-05,  -5.86063632e-05,
         -1.13649214e-03,  -5.07730431e-05,   9.99900105e-01,
         -2.95281186e-03],
       [  3.01461109e-02,  -1.52487042e-01,  -1.93846493e-01,
         -2.08003445e-02,  -2.00562766e-01,  -4.33454255e-03,
          7.93662923e-05,  -1.96024846e-02,  -3.36172900e-02,
         -6.19988182e-03,   1.50057827e-03,  -2.95281186e-03,
          1.02208852e+00]])], 'lumi': [(0.01112869490056756, 0.99359060829421075)], 'schannel_rate': [(0.00023087676792599154, 0.99336078830736296)], 'subjet_scalefactor': [(0.050608859191302535, 0.99857838555625289)], 'Q2': [(-1.1462643234136518, 0.61434188506682319)], 'tchannel_rate': [(-0.00045514632035992264, 0.99319553856838549)], 'tW_rate': [(0.078779770862676735, 1.0060353537816451)]}, 'bs1400': {'JER': [(0.14606619286520584, 0.90461447087014291)], 'JES': [(0.24506154011699977, 0.55071099310213834)], 'tau_scalefactor': [(0.060377446600208273, 0.9924008817249832)], 'trig': [(-0.010840236268856884, 0.99328010541929124)], 'beta_signal': [(0.14376756761798903, 0.14031933858993006)], 'bkg': [(-0.66096329145967037, 0.61698769214587879)], 'ttbar_rate_had': [(0.16235094602016531, 0.99899565149463809)], '__nll': [-610.87509347427908], '__cov': [array([[  8.27441834e-01,  -1.96012215e-03,  -1.50720700e-02,
          3.28111527e-03,   5.08231696e-03,   1.36661248e-04,
         -6.57119937e-05,   6.11876688e-04,   5.06678276e-04,
          8.76696899e-03,   4.60893693e-04,   2.63127280e-04,
          2.29244395e-02],
       [ -1.96012215e-03,   3.04522492e-01,   5.63794727e-02,
          2.09181386e-03,  -6.40245219e-02,  -2.32458246e-03,
         -8.51347770e-04,  -1.05666954e-02,  -6.15404448e-03,
         -7.26398975e-02,  -7.34698803e-03,   1.74066410e-03,
         -1.80477930e-01],
       [ -1.50720700e-02,   5.63794727e-02,   3.91959838e-01,
         -5.40187894e-03,  -1.51733650e-01,  -3.65014353e-03,
         -3.47673513e-05,  -1.65316262e-02,  -2.43514469e-02,
         -8.66694438e-02,  -1.06964830e-03,  -9.33638720e-04,
         -2.08979747e-01],
       [  3.28111527e-03,   2.09181386e-03,  -5.40187894e-03,
          2.07166495e-02,  -4.12968807e-03,  -5.09209583e-03,
         -6.98510611e-05,  -2.31323954e-02,  -8.18763181e-03,
         -2.29168343e-02,  -5.17193784e-04,   2.56418890e-04,
         -2.32219633e-02],
       [  5.08231696e-03,  -6.40245219e-02,  -1.51733650e-01,
         -4.12968807e-03,   3.82660839e-01,  -3.98704171e-03,
          8.64860960e-05,  -1.80574412e-02,  -2.50213711e-02,
         -7.69350103e-02,  -2.38785472e-03,  -2.90936910e-03,
         -1.79057460e-01],
       [  1.36661248e-04,  -2.32458246e-03,  -3.65014353e-03,
         -5.09209583e-03,  -3.98704171e-03,   1.00033952e+00,
          1.68115762e-05,   1.50761773e-03,   2.31942992e-03,
         -1.46147526e-04,  -1.76189705e-04,  -2.89353549e-05,
         -2.92049134e-03],
       [ -6.57119937e-05,  -8.51347770e-04,  -3.47673513e-05,
         -6.98510611e-05,   8.64860960e-05,   1.68115762e-05,
          9.99974762e-01,   7.61494091e-05,   9.31223310e-05,
          5.15305223e-05,   3.32402448e-05,  -2.83869708e-06,
          1.32740865e-05],
       [  6.11876688e-04,  -1.05666954e-02,  -1.65316262e-02,
         -2.31323954e-02,  -1.80574412e-02,   1.50761773e-03,
          7.61494091e-05,   1.00706373e+00,   1.04982214e-02,
         -6.42341787e-04,  -8.01391739e-04,  -1.32251533e-04,
         -1.31647393e-02],
       [  5.06678276e-04,  -6.15404448e-03,  -2.43514469e-02,
         -8.18763181e-03,  -2.50213711e-02,   2.31942992e-03,
          9.31223310e-05,   1.04982214e-02,   1.01606366e+00,
         -2.53223553e-03,   2.16012206e-05,  -1.16784454e-04,
         -2.44916538e-02],
       [  8.76696899e-03,  -7.26398975e-02,  -8.66694438e-02,
         -2.29168343e-02,  -7.69350103e-02,  -1.46147526e-04,
          5.15305223e-05,  -6.42341787e-04,  -2.53223553e-03,
          9.98099966e-01,   4.36700222e-04,  -1.04000573e-03,
         -6.04037371e-03],
       [  4.60893693e-04,  -7.34698803e-03,  -1.06964830e-03,
         -5.17193784e-04,  -2.38785472e-03,  -1.76189705e-04,
          3.32402448e-05,  -8.01391739e-04,   2.16012206e-05,
          4.36700222e-04,   9.99019039e-01,  -5.96898274e-05,
          2.57024113e-03],
       [  2.63127280e-04,   1.74066410e-03,  -9.33638720e-04,
          2.56418890e-04,  -2.90936910e-03,  -2.89353549e-05,
         -2.83869708e-06,  -1.32251533e-04,  -1.16784454e-04,
         -1.04000573e-03,  -5.96898274e-05,   9.99891399e-01,
         -2.61708290e-03],
       [  2.29244395e-02,  -1.80477930e-01,  -2.08979747e-01,
         -2.32219633e-02,  -1.79057460e-01,  -2.92049134e-03,
          1.32740865e-05,  -1.31647393e-02,  -2.44916538e-02,
         -6.04037371e-03,   2.57024113e-03,  -2.61708290e-03,
          1.01160484e+00]])], 'lumi': [(0.00020348875550535439, 0.99349970859355885)], 'schannel_rate': [(-4.8943915114563197e-05, 0.99332098708526351)], 'subjet_scalefactor': [(0.00091862338980419622, 0.99678833875950978)], 'Q2': [(-1.1857381680849137, 0.62433128455070475)], 'tchannel_rate': [(-0.0057310285420824059, 0.99285253844737276)], 'tW_rate': [(0.0089265438566101807, 1.0011721045997786)]}, 'bs2000': {'JER': [(0.11607384158482503, 0.9454344063649982)], 'JES': [(0.23770676929753964, 0.5699042796888043)], 'tau_scalefactor': [(0.16485439328464668, 0.98825891604927341)], 'trig': [(-0.012521078485446147, 0.99328737492364372)], 'beta_signal': [(0.25280351601484163, 1.2190146773156978)], 'bkg': [(-0.66167323378856491, 0.6689618382917657)], 'ttbar_rate_had': [(0.35321013528498835, 0.98733629661549838)], '__nll': [-610.34088846785733], '__cov': [array([[  9.04735134e-01,  -3.73277414e-03,  -1.42839059e-02,
         -3.44656104e-02,   1.28928075e-02,   3.00740468e-06,
         -6.90652747e-05,   1.16693302e-05,  -9.80647298e-04,
          1.00703813e-02,   7.20045796e-04,   1.40022764e-04,
          2.74951346e-02],
       [ -3.73277414e-03,   3.26213338e-01,   6.70343827e-02,
          2.22655469e-01,  -1.02028950e-01,  -1.25212766e-03,
         -2.16950357e-04,  -5.69849565e-03,   2.37286411e-03,
         -7.00616871e-02,  -7.91845970e-03,   2.23929734e-03,
         -1.81764250e-01],
       [ -1.42839059e-02,   6.70343827e-02,   3.88505220e-01,
          1.31029725e-01,  -1.66682210e-01,  -4.01373358e-03,
          7.83113253e-05,  -1.81984694e-02,  -2.54449727e-02,
         -9.57606613e-02,  -1.80365242e-03,  -5.14655179e-04,
         -2.31052578e-01],
       [ -3.44656104e-02,   2.22655469e-01,   1.31029725e-01,
          1.81687897e+00,  -2.90632588e-01,  -2.42005487e-03,
          8.14820383e-05,  -1.10574964e-02,   3.89179783e-02,
         -5.00283425e-02,  -3.45557251e-03,   4.17497603e-03,
         -1.17708184e-01],
       [  1.28928075e-02,  -1.02028950e-01,  -1.66682210e-01,
         -2.90632588e-01,   4.50260111e-01,  -5.07161749e-03,
         -6.54951069e-05,  -2.29722064e-02,  -3.42913498e-02,
         -8.17825181e-02,  -1.66849749e-03,  -3.47563615e-03,
         -1.83939499e-01],
       [  3.00740468e-06,  -1.25212766e-03,  -4.01373358e-03,
         -2.42005487e-03,  -5.07161749e-03,   1.00053509e+00,
          2.19321201e-05,   2.40093809e-03,   3.83446493e-03,
         -7.73336200e-04,  -1.20165891e-04,   5.67122109e-06,
         -6.13491686e-03],
       [ -6.90652747e-05,  -2.16950357e-04,   7.83113253e-05,
          8.14820383e-05,  -6.54951069e-05,   2.19321201e-05,
          1.00009841e+00,   9.93153713e-05,   6.58051761e-05,
         -1.16761796e-04,   1.73309987e-05,   2.10097363e-06,
         -4.85193425e-04],
       [  1.16693302e-05,  -5.69849565e-03,  -1.81984694e-02,
         -1.10574964e-02,  -2.29722064e-02,   2.40093809e-03,
          9.93153713e-05,   1.01092586e+00,   1.73559906e-02,
         -3.51196969e-03,  -5.47802300e-04,   2.52163916e-05,
         -2.77950117e-02],
       [ -9.80647298e-04,   2.37286411e-03,  -2.54449727e-02,
          3.89179783e-02,  -3.42913498e-02,   3.83446493e-03,
          6.58051761e-05,   1.73559906e-02,   1.02776365e+00,
         -5.98597926e-03,  -5.28834295e-04,   1.28136160e-04,
         -4.54730395e-02],
       [  1.00703813e-02,  -7.00616871e-02,  -9.57606613e-02,
         -5.00283425e-02,  -8.17825181e-02,  -7.73336200e-04,
         -1.16761796e-04,  -3.51196969e-03,  -5.98597926e-03,
          9.89686678e-01,   3.19142684e-04,  -9.97914681e-04,
         -2.39610388e-02],
       [  7.20045796e-04,  -7.91845970e-03,  -1.80365242e-03,
         -3.45557251e-03,  -1.66849749e-03,  -1.20165891e-04,
          1.73309987e-05,  -5.47802300e-04,  -5.28834295e-04,
          3.19142684e-04,   9.99749530e-01,  -5.91912451e-05,
          1.82595650e-03],
       [  1.40022764e-04,   2.23929734e-03,  -5.14655179e-04,
          4.17497603e-03,  -3.47563615e-03,   5.67122109e-06,
          2.10097363e-06,   2.52163916e-05,   1.28136160e-04,
         -9.97914681e-04,  -5.91912451e-05,   9.99906255e-01,
         -2.77116638e-03],
       [  2.74951346e-02,  -1.81764250e-01,  -2.31052578e-01,
         -1.17708184e-01,  -1.83939499e-01,  -6.13491686e-03,
         -4.85193425e-04,  -2.77950117e-02,  -4.54730395e-02,
         -2.39610388e-02,   1.82595650e-03,  -2.77116638e-03,
          9.87866969e-01]])], 'lumi': [(0.012316065579742741, 0.99359548033058376)], 'schannel_rate': [(0.00043096425057242982, 0.99338157302917818)], 'subjet_scalefactor': [(0.055814439772142954, 0.99867119077041755)], 'Q2': [(-1.1216321503067528, 0.62159976184237098)], 'tchannel_rate': [(-0.00071529259850144911, 0.99321061228389285)], 'tW_rate': [(0.086929551322186605, 1.0068388759390197)]}, 'bs1000': {'JER': [(0.12188638056723811, 0.94816844458713145)], 'JES': [(0.20578093792112195, 0.55399999934860045)], 'tau_scalefactor': [(0.16847527982853361, 0.98780322690481448)], 'trig': [(-0.013116625949143312, 0.99328297364532436)], 'beta_signal': [(7.6805228843568329e-13, 0.017179442660173128)], 'bkg': [(-0.61952444146392338, 0.63094244979145797)], 'ttbar_rate_had': [(0.36869160405211332, 0.98138512662568367)], '__nll': [-610.32247801054336], '__cov': [array([[  9.10040697e-01,  -9.66909197e-04,  -1.45855055e-02,
          6.75827187e-11,   6.64477997e-03,   1.18130542e-04,
         -5.79213581e-05,   5.31760034e-04,   1.02316265e-05,
          1.12493792e-02,   6.50617470e-04,   2.23228525e-04,
          2.98328953e-02],
       [ -9.66909197e-04,   3.08184971e-01,   4.12889975e-02,
          8.88166440e-11,  -6.74494462e-02,  -2.08778963e-03,
         -1.45821173e-05,  -9.47696425e-03,  -5.69727550e-03,
         -6.49020285e-02,  -6.87129204e-03,   1.66774912e-03,
         -1.61268681e-01],
       [ -1.45855055e-02,   4.12889975e-02,   3.70121836e-01,
         -2.43594737e-10,  -1.41447450e-01,  -4.26517673e-03,
          8.66856131e-05,  -1.93319541e-02,  -2.84726918e-02,
         -9.00948173e-02,  -1.16941720e-03,  -8.42391115e-04,
         -2.13651513e-01],
       [  6.75827187e-11,   8.88166440e-11,  -2.43594737e-10,
          5.32321965e-14,  -3.31441881e-10,  -5.20817940e-11,
          5.53198158e-13,  -2.36366076e-10,   5.32860105e-12,
         -1.64474110e-10,  -8.79000025e-12,  -6.72512000e-12,
         -4.56899635e-11],
       [  6.64477997e-03,  -6.74494462e-02,  -1.41447450e-01,
         -3.31441881e-10,   4.00257457e-01,  -4.21904323e-03,
         -8.47462946e-05,  -1.91210005e-02,  -2.64856630e-02,
         -8.73834782e-02,  -2.35330141e-03,  -2.69482372e-03,
         -2.05733028e-01],
       [  1.18130542e-04,  -2.08778963e-03,  -4.26517673e-03,
         -5.20817940e-11,  -4.21904323e-03,   1.00050114e+00,
          1.84719071e-05,   2.24752830e-03,   3.59613812e-03,
         -6.97593781e-04,  -9.93237776e-05,  -7.73204762e-06,
         -5.66813885e-03],
       [ -5.79213581e-05,  -1.45821173e-05,   8.66856131e-05,
          5.53198158e-13,  -8.47462946e-05,   1.84719071e-05,
          1.00009691e+00,   8.36506035e-05,   5.17759040e-05,
         -1.30018705e-04,   1.00381171e-05,   2.63460934e-06,
         -4.95244419e-04],
       [  5.31760034e-04,  -9.47696425e-03,  -1.93319541e-02,
         -2.36366076e-10,  -1.91210005e-02,   2.24752830e-03,
          8.36506035e-05,   1.01022571e+00,   1.62785290e-02,
         -3.16967635e-03,  -4.53337157e-04,  -3.53474630e-05,
         -2.56846922e-02],
       [  1.02316265e-05,  -5.69727550e-03,  -2.84726918e-02,
          5.32860105e-12,  -2.64856630e-02,   3.59613812e-03,
          5.17759040e-05,   1.62785290e-02,   1.02576038e+00,
         -4.94051859e-03,  -3.63959071e-04,   4.30757052e-06,
         -4.07917227e-02],
       [  1.12493792e-02,  -6.49020285e-02,  -9.00948173e-02,
         -1.64474110e-10,  -8.73834782e-02,  -6.97593781e-04,
         -1.30018705e-04,  -3.16967635e-03,  -4.94051859e-03,
          9.88762576e-01,   9.01046404e-05,  -9.56183204e-04,
         -2.70260837e-02],
       [  6.50617470e-04,  -6.87129204e-03,  -1.16941720e-03,
         -8.79000025e-12,  -2.35330141e-03,  -9.93237776e-05,
          1.00381171e-05,  -4.53337157e-04,  -3.63959071e-04,
          9.01046404e-05,   9.99747233e-01,  -4.67587253e-05,
          1.03956309e-03],
       [  2.23228525e-04,   1.66774912e-03,  -8.42391115e-04,
         -6.72512000e-12,  -2.69482372e-03,  -7.73204762e-06,
          2.63460934e-06,  -3.53474630e-05,   4.30757052e-06,
         -9.56183204e-04,  -4.67587253e-05,   9.99897282e-01,
         -2.55455128e-03],
       [  2.98328953e-02,  -1.61268681e-01,  -2.13651513e-01,
         -4.56899635e-11,  -2.05733028e-01,  -5.66813885e-03,
         -4.95244419e-04,  -2.56846922e-02,  -4.07917227e-02,
         -2.70260837e-02,   1.03956309e-03,  -2.55455128e-03,
          9.75841905e-01]])], 'lumi': [(0.011588643999561832, 0.99357885278905478)], 'schannel_rate': [(0.00040454783104415526, 0.99338083988147607)], 'subjet_scalefactor': [(0.052500866326189666, 0.99833008019169123)], 'Q2': [(-1.1383276186635491, 0.60679107308940372)], 'tchannel_rate': [(-0.00028829771806471172, 0.99320948639948936)], 'tW_rate': [(0.081362445345456003, 1.0058709126252317)]}, 'bs1900': {'JER': [(0.11614588171674178, 0.94879198754672345)], 'JES': [(0.2079103960400408, 0.55823093583850136)], 'tau_scalefactor': [(0.16846528037052533, 0.98782234901243582)], 'trig': [(-0.012706491940503994, 0.99328522774112149)], 'beta_signal': [(0.15702530344006638, 0.67117477762987932)], 'bkg': [(-0.65063473586456233, 0.64860633124714928)], 'ttbar_rate_had': [(0.36251198933212248, 0.98149285624944582)], '__nll': [-610.34554966519545], '__cov': [array([[  9.11252213e-01,  -1.69321741e-03,  -1.36518929e-02,
         -1.81017408e-02,   1.05849974e-02,   4.98958986e-06,
         -6.17605140e-05,   2.03770211e-05,  -9.22085111e-04,
          1.03756091e-02,   6.84510092e-04,   1.62405915e-04,
          2.83099770e-02],
       [ -1.69321741e-03,   3.12930140e-01,   4.11438741e-02,
          4.02464232e-03,  -7.06398344e-02,  -2.00097501e-03,
          2.36172341e-05,  -9.08459250e-03,  -4.69665501e-03,
         -6.45401039e-02,  -7.18702983e-03,   1.73276949e-03,
         -1.60949880e-01],
       [ -1.36518929e-02,   4.11438741e-02,   3.79838607e-01,
          4.78065905e-02,  -1.51648844e-01,  -4.13041213e-03,
          1.04459069e-04,  -1.87247067e-02,  -2.71494829e-02,
         -9.16939440e-02,  -1.25393758e-03,  -7.58689195e-04,
         -2.19042129e-01],
       [ -1.81017408e-02,   4.02464232e-03,   4.78065905e-02,
          5.64100025e-01,  -1.05224049e-01,  -1.81134485e-03,
          1.10023232e-04,  -8.25581969e-03,   1.89656143e-02,
         -1.28601950e-02,  -2.05385946e-04,   1.36833773e-03,
         -2.09534509e-02],
       [  1.05849974e-02,  -7.06398344e-02,  -1.51648844e-01,
         -1.05224049e-01,   4.23117695e-01,  -4.72419075e-03,
         -1.16918686e-04,  -2.14023690e-02,  -3.07703159e-02,
         -8.68260034e-02,  -2.21163663e-03,  -3.02716633e-03,
         -2.00375127e-01],
       [  4.98958986e-06,  -2.00097501e-03,  -4.13041213e-03,
         -1.81134485e-03,  -4.72419075e-03,   1.00054063e+00,
          1.97189353e-05,   2.42621297e-03,   3.84816853e-03,
         -6.41222525e-04,  -1.01919686e-04,   2.22862549e-07,
         -5.81679459e-03],
       [ -6.17605140e-05,   2.36172341e-05,   1.04459069e-04,
          1.10023232e-04,  -1.16918686e-04,   1.97189353e-05,
          1.00010494e+00,   8.92951194e-05,   5.64778627e-05,
         -1.38372813e-04,   9.31912321e-06,   3.14433371e-06,
         -5.27602255e-04],
       [  2.03770211e-05,  -9.08459250e-03,  -1.87247067e-02,
         -8.25581969e-03,  -2.14023690e-02,   2.42621297e-03,
          8.92951194e-05,   1.01104055e+00,   1.74188738e-02,
         -2.91419737e-03,  -4.65230279e-04,   6.02079032e-07,
         -2.63565766e-02],
       [ -9.22085111e-04,  -4.69665501e-03,  -2.71494829e-02,
          1.89656143e-02,  -3.07703159e-02,   3.84816853e-03,
          5.64778627e-05,   1.74188738e-02,   1.02766254e+00,
         -4.71398189e-03,  -3.87445442e-04,   7.03656846e-05,
         -4.21031542e-02],
       [  1.03756091e-02,  -6.45401039e-02,  -9.16939440e-02,
         -1.28601950e-02,  -8.68260034e-02,  -6.41222525e-04,
         -1.38372813e-04,  -2.91419737e-03,  -4.71398189e-03,
          9.88801370e-01,   1.33077241e-04,  -9.27995105e-04,
         -2.73774433e-02],
       [  6.84510092e-04,  -7.18702983e-03,  -1.25393758e-03,
         -2.05385946e-04,  -2.21163663e-03,  -1.01919686e-04,
          9.31912321e-06,  -4.65230279e-04,  -3.87445442e-04,
          1.33077241e-04,   9.99751250e-01,  -4.91188854e-05,
          1.17719035e-03],
       [  1.62405915e-04,   1.73276949e-03,  -7.58689195e-04,
          1.36833773e-03,  -3.02716633e-03,   2.22862549e-07,
          3.14433371e-06,   6.02079032e-07,   7.03656846e-05,
         -9.27995105e-04,  -4.91188854e-05,   9.99901876e-01,
         -2.53829731e-03],
       [  2.83099770e-02,  -1.60949880e-01,  -2.19042129e-01,
         -2.09534509e-02,  -2.00375127e-01,  -5.81679459e-03,
         -5.27602255e-04,  -2.63565766e-02,  -4.21031542e-02,
         -2.73774433e-02,   1.17719035e-03,  -2.53829731e-03,
          9.76056646e-01]])], 'lumi': [(0.012375508928225365, 0.99359819276878492)], 'schannel_rate': [(0.00043613138850684408, 0.9933847762609207)], 'subjet_scalefactor': [(0.05614581721442935, 0.99872706081156037)], 'Q2': [(-1.1257298291455045, 0.61466433921238295)], 'tchannel_rate': [(-0.0003695680629656195, 0.993211455362907)], 'tW_rate': [(0.087101510197161502, 1.0067900205069349)]}, 'bs1500': {'JER': [(0.1249025410047393, 0.92255391901523964)], 'JES': [(0.0060570360700973325, 0.24049611988560793)], 'tau_scalefactor': [(0.062472896443207304, 0.98535977318099022)], 'trig': [(-0.010483078023987957, 0.99328014620776317)], 'beta_signal': [(0.34970139689473623, 0.21601261456051668)], 'bkg': [(-0.68675635283382253, 0.60768427201229547)], 'ttbar_rate_had': [(0.18151461139380043, 0.9550243287426925)], '__nll': [-611.87202387255695], '__cov': [array([[  8.60969803e-01,  -3.67295145e-03,  -1.30164380e-02,
         -1.71403311e-03,   5.83177563e-03,   8.49689015e-04,
         -1.34030163e-05,   3.85328728e-03,   5.76408121e-03,
          1.21297305e-02,   1.59278487e-04,   2.13603275e-04,
          2.66067289e-02],
       [ -3.67295145e-03,   5.78831321e-02,  -8.45933361e-04,
         -4.56737866e-03,  -1.33264836e-02,  -5.79420858e-04,
          1.96024319e-04,  -2.62615610e-03,  -3.75298071e-03,
         -7.72529935e-03,  -4.24508515e-04,   1.65948590e-04,
         -1.66623384e-02],
       [ -1.30164380e-02,  -8.45933361e-04,   3.75190714e-01,
          2.69153244e-03,  -1.35820391e-01,  -3.95006269e-03,
         -1.41671381e-06,  -1.79054869e-02,  -2.76376456e-02,
         -8.10072926e-02,  -1.52658506e-05,  -1.10264360e-03,
         -1.91225411e-01],
       [ -1.71403311e-03,  -4.56737866e-03,   2.69153244e-03,
          4.82035804e-02,  -8.60857259e-03,  -1.05580540e-02,
         -1.54689772e-05,  -4.79449427e-02,  -9.67221550e-03,
         -3.82692677e-02,   1.41115748e-04,   3.24097279e-04,
         -2.30646226e-02],
       [  5.83177563e-03,  -1.33264836e-02,  -1.35820391e-01,
         -8.60857259e-03,   3.71152245e-01,  -3.92502545e-03,
         -4.79397521e-05,  -1.77723407e-02,  -2.22989611e-02,
         -9.00287357e-02,  -4.06603848e-03,  -2.55940962e-03,
         -2.15174476e-01],
       [  8.49689015e-04,  -5.79420858e-04,  -3.95006269e-03,
         -1.05580540e-02,  -3.92502545e-03,   1.00031503e+00,
         -1.26513974e-06,   1.39103508e-03,   1.90421513e-03,
         -6.13924680e-04,  -2.41135374e-05,  -1.15621839e-05,
         -3.99831344e-03],
       [ -1.34030163e-05,   1.96024319e-04,  -1.41671381e-06,
         -1.54689772e-05,  -4.79397521e-05,  -1.26513974e-06,
          1.00000995e+00,  -5.73783219e-06,  -1.18367175e-05,
         -2.78562540e-05,  -1.24160347e-06,   6.16724865e-07,
         -6.63632434e-05],
       [  3.85328728e-03,  -2.62615610e-03,  -1.79054869e-02,
         -4.79449427e-02,  -1.77723407e-02,   1.39103508e-03,
         -5.73783219e-06,   1.00663843e+00,   8.61922748e-03,
         -2.77140684e-03,  -1.13207499e-04,  -5.33439091e-05,
         -1.80757068e-02],
       [  5.76408121e-03,  -3.75298071e-03,  -2.76376456e-02,
         -9.67221550e-03,  -2.22989611e-02,   1.90421513e-03,
         -1.18367175e-05,   8.61922748e-03,   1.01362722e+00,
         -4.10825419e-03,  -2.27078367e-04,  -6.62559671e-05,
         -2.55931411e-02],
       [  1.21297305e-02,  -7.72529935e-03,  -8.10072926e-02,
         -3.82692677e-02,  -9.00287357e-02,  -6.13924680e-04,
         -2.78562540e-05,  -2.77140684e-03,  -4.10825419e-03,
          9.83798741e-01,  -8.43309514e-04,  -6.83316261e-04,
         -4.13075519e-02],
       [  1.59278487e-04,  -4.24508515e-04,  -1.52658506e-05,
          1.41115748e-04,  -4.06603848e-03,  -2.41135374e-05,
         -1.24160347e-06,  -1.13207499e-04,  -2.27078367e-04,
         -8.43309514e-04,   1.00005361e+00,  -8.65505987e-06,
         -2.09462580e-03],
       [  2.13603275e-04,   1.65948590e-04,  -1.10264360e-03,
          3.24097279e-04,  -2.55940962e-03,  -1.15621839e-05,
          6.16724865e-07,  -5.33439091e-05,  -6.62559671e-05,
         -6.83316261e-04,  -8.65505987e-06,   9.99891478e-01,
         -1.77849222e-03],
       [  2.66067289e-02,  -1.66623384e-02,  -1.91225411e-01,
         -2.30646226e-02,  -2.15174476e-01,  -3.99831344e-03,
         -6.63632434e-05,  -1.80757068e-02,  -2.55931411e-02,
         -4.13075519e-02,  -2.09462580e-03,  -1.77849222e-03,
          9.23422543e-01]])], 'lumi': [(-0.0015996332399454971, 0.99348770963293331)], 'schannel_rate': [(2.6245111081735217e-05, 0.99333823071209304)], 'subjet_scalefactor': [(-0.0072600674606180249, 0.99658066120992173)], 'Q2': [(-1.1329702666668582, 0.61091098331728966)], 'tchannel_rate': [(0.0037160052363915952, 0.99335961809024242)], 'tW_rate': [(-0.016319963880724764, 0.99998728414367299)]}, 'bs900': {'JER': [(0.12188384688772835, 0.94816825244782388)], 'JES': [(0.20577469844059859, 0.55400036707876144)], 'tau_scalefactor': [(0.16847274192868067, 0.9878009097701792)], 'trig': [(-0.013119748487142147, 0.99328298324902842)], 'beta_signal': [(2.2204460492503131e-15, 0.029051586591429479)], 'bkg': [(-0.61952897888964031, 0.63094704886576025)], 'ttbar_rate_had': [(0.36870554425062974, 0.98137437180863563)], '__nll': [-610.32247801025301], '__cov': [array([[  9.10040323e-01,  -9.80727267e-04,  -1.45958097e-02,
          4.01773484e-12,   6.64920810e-03,   1.18594312e-04,
         -5.79287445e-05,   5.33888695e-04,   1.33415090e-05,
          1.12517539e-02,   6.50633557e-04,   2.23254342e-04,
          2.98360569e-02],
       [ -9.80727267e-04,   3.08185382e-01,   4.12749025e-02,
          6.98611307e-13,  -6.74546158e-02,  -2.08786342e-03,
         -1.40761579e-05,  -9.47730699e-03,  -5.70060304e-03,
         -6.48937020e-02,  -6.87005871e-03,   1.66762333e-03,
         -1.61247540e-01],
       [ -1.45958097e-02,   4.12749025e-02,   3.70115805e-01,
         -7.62992016e-12,  -1.41445367e-01,  -4.26524713e-03,
          8.67483095e-05,  -1.93322735e-02,  -2.84731837e-02,
         -9.00901079e-02,  -1.16896011e-03,  -8.42487019e-04,
         -2.13641562e-01],
       [  4.01773484e-12,   6.98611307e-13,  -7.62992016e-12,
          2.61778012e-16,  -3.46021653e-11,  -3.20010113e-12,
          3.32714332e-14,  -1.45219230e-11,   3.41681372e-12,
         -6.96046056e-12,  -5.28519275e-13,  -1.43130957e-12,
          5.77400345e-12],
       [  6.64920810e-03,  -6.74546158e-02,  -1.41445367e-01,
         -3.46021653e-11,   4.00263325e-01,  -4.21883921e-03,
         -8.48515874e-05,  -1.91200918e-02,  -2.64853182e-02,
         -8.73856103e-02,  -2.35342810e-03,  -2.69467293e-03,
         -2.05736716e-01],
       [  1.18594312e-04,  -2.08786342e-03,  -4.26524713e-03,
         -3.20010113e-12,  -4.21883921e-03,   1.00050107e+00,
          1.84663520e-05,   2.24750786e-03,   3.59611597e-03,
         -6.97655503e-04,  -9.93247929e-05,  -7.72325615e-06,
         -5.66830116e-03],
       [ -5.79287445e-05,  -1.40761579e-05,   8.67483095e-05,
          3.32714332e-14,  -8.48515874e-05,   1.84663520e-05,
          1.00009691e+00,   8.36333865e-05,   5.17595834e-05,
         -1.30118792e-04,   1.00240907e-05,   2.63484340e-06,
         -4.95490210e-04],
       [  5.33888695e-04,  -9.47730699e-03,  -1.93322735e-02,
         -1.45219230e-11,  -1.91200918e-02,   2.24750786e-03,
          8.36333865e-05,   1.01022552e+00,   1.62784320e-02,
         -3.16995014e-03,  -4.53339508e-04,  -3.52973815e-05,
         -2.56854198e-02],
       [  1.33415090e-05,  -5.70060304e-03,  -2.84731837e-02,
          3.41681372e-12,  -2.64853182e-02,   3.59611597e-03,
          5.17595834e-05,   1.62784320e-02,   1.02576119e+00,
         -4.94009259e-03,  -3.63906320e-04,   4.27418259e-06,
         -4.07906084e-02],
       [  1.12517539e-02,  -6.48937020e-02,  -9.00901079e-02,
         -6.96046056e-12,  -8.73856103e-02,  -6.97655503e-04,
         -1.30118792e-04,  -3.16995014e-03,  -4.94009259e-03,
          9.88757874e-01,   8.96853392e-05,  -9.56085823e-04,
         -2.70332495e-02],
       [  6.50633557e-04,  -6.87005871e-03,  -1.16896011e-03,
         -5.28519275e-13,  -2.35342810e-03,  -9.93247929e-05,
          1.00240907e-05,  -4.53339508e-04,  -3.63906320e-04,
          8.96853392e-05,   9.99747210e-01,  -4.67498342e-05,
          1.03841452e-03],
       [  2.23254342e-04,   1.66762333e-03,  -8.42487019e-04,
         -1.43130957e-12,  -2.69467293e-03,  -7.72325615e-06,
          2.63484340e-06,  -3.52973815e-05,   4.27418259e-06,
         -9.56085823e-04,  -4.67498342e-05,   9.99897302e-01,
         -2.55441202e-03],
       [  2.98360569e-02,  -1.61247540e-01,  -2.13641562e-01,
          5.77400345e-12,  -2.05736716e-01,  -5.66830116e-03,
         -4.95490210e-04,  -2.56854198e-02,  -4.07906084e-02,
         -2.70332495e-02,   1.03841452e-03,  -2.55441202e-03,
