['JER', 'JES', 'Q2', 'beta_signal', 'bkg', 'lumi', 'schannel_rate', 'subjet_scalefactor', 'tW_rate', 'tau_scalefactor', 'tchannel_rate', 'trig', 'ttbar_rate_had']
[array([[  9.19031067e-01,   2.39458626e-03,   6.56211377e-03,
         -2.72380471e-03,   3.19009646e-03,   5.54927148e-05,
          1.04527610e-05,   2.44951007e-04,   2.08433860e-03,
          6.61907458e-03,  -1.59441418e-03,   1.59330022e-04,
          1.74866445e-02],
       [  2.39458626e-03,   5.25366959e-01,   8.57543223e-02,
         -6.67614844e-02,  -7.22307850e-02,   1.33966049e-03,
         -8.48694308e-03,   6.34195387e-03,   4.30158359e-03,
         -1.99946171e-02,   1.08150472e-03,   3.05916753e-03,
         -6.97293457e-02],
       [  6.56211377e-03,   8.57543223e-02,   3.90019974e-01,
         -2.68901314e-02,  -1.02984346e-01,  -3.36392519e-04,
         -1.26815629e-03,  -1.36071496e-03,  -5.54442787e-03,
         -5.62927273e-02,   2.80724042e-04,  -1.00625691e-03,
         -1.54750280e-01],
       [ -2.72380471e-03,  -6.67614844e-02,  -2.68901314e-02,
          2.78722972e-02,  -4.04173947e-03,  -2.25573941e-03,
          2.80885531e-04,  -1.03961656e-02,  -3.42001761e-03,
         -1.26744534e-02,   7.93277030e-05,  -5.43480188e-05,
         -1.54798916e-02],
       [  3.19009646e-03,  -7.22307850e-02,  -1.02984346e-01,
         -4.04173947e-03,   2.59178938e-01,  -7.92604624e-03,
          1.57877754e-03,  -3.58871527e-02,  -5.20379257e-02,
         -9.31143108e-02,  -3.98603977e-03,  -2.12901241e-03,
         -1.89655044e-01],
       [  5.54927148e-05,   1.33966049e-03,  -3.36392519e-04,
         -2.25573941e-03,  -7.92604624e-03,   1.00064483e+00,
         -1.40148154e-04,   2.90950594e-03,   4.29724828e-03,
          5.80801794e-04,  -1.21641270e-04,   3.50204693e-05,
         -3.19889540e-03],
       [  1.04527610e-05,  -8.48694308e-03,  -1.26815629e-03,
          2.80885531e-04,   1.57877754e-03,  -1.40148154e-04,
          9.98252189e-01,  -6.85165033e-04,   2.23986880e-04,
          1.99342882e-04,   8.72143486e-06,  -4.44709527e-05,
          1.74546015e-03],
       [  2.44951007e-04,   6.34195387e-03,  -1.36071496e-03,
         -1.03961656e-02,  -3.58871527e-02,   2.90950594e-03,
         -6.85165033e-04,   1.01307835e+00,   1.93298731e-02,
          2.61012561e-03,  -6.01648601e-04,   1.03488250e-04,
         -1.43820688e-02],
       [  2.08433860e-03,   4.30158359e-03,  -5.54442787e-03,
         -3.42001761e-03,  -5.20379257e-02,   4.29724828e-03,
          2.23986880e-04,   1.93298731e-02,   1.02984374e+00,
          3.40969469e-03,  -4.59695448e-04,   2.04492802e-04,
         -2.22950725e-02],
       [  6.61907458e-03,  -1.99946171e-02,  -5.62927273e-02,
         -1.26744534e-02,  -9.31143108e-02,   5.80801794e-04,
          1.99342882e-04,   2.61012561e-03,   3.40969469e-03,
          9.90064487e-01,  -1.35980916e-03,  -7.57139777e-04,
         -3.29946398e-02],
       [ -1.59441418e-03,   1.08150472e-03,   2.80724042e-04,
          7.93277030e-05,  -3.98603977e-03,  -1.21641270e-04,
          8.72143486e-06,  -6.01648601e-04,  -4.59695448e-04,
         -1.35980916e-03,   9.99685008e-01,   1.15088395e-05,
         -2.62837695e-03],
       [  1.59330022e-04,   3.05916753e-03,  -1.00625691e-03,
         -5.43480188e-05,  -2.12901241e-03,   3.50204693e-05,
         -4.44709527e-05,   1.03488250e-04,   2.04492802e-04,
         -7.57139777e-04,   1.15088395e-05,   9.99953363e-01,
         -2.28567458e-03],
       [  1.74866445e-02,  -6.97293457e-02,  -1.54750280e-01,
         -1.54798916e-02,  -1.89655044e-01,  -3.19889540e-03,
          1.74546015e-03,  -1.43820688e-02,  -2.22950725e-02,
         -3.29946398e-02,  -2.62837695e-03,  -2.28567458e-03,
          9.29378240e-01]])]
