{'bs1700': {'JER': [(-0.53577494480108889, 0.20158036690473535)], 'JES': [(-0.47239126622061889, 0.39601373282949526)], 'flatUnc': [(-0.12934559452445793, 0.38054088326084656)], 'ttbar_rate': [(-0.61005333041626297, 0.97680886947871848)], '__nll': [-110203.6226509953], 'zjets_rate': [(1.5041878239856361, 0.85854237704488368)], 'wjets_rate': [(0.43890747751102577, 1.0580132408325746)], '__cov': [array([[  4.06569805e-02,  -2.09220611e-02,  -3.03566188e-03,
          1.80309916e-02,  -1.25580269e-02,  -1.70076632e-03,
         -8.65518476e-03,   1.76159852e-02,  -1.85441847e-02,
         -5.90092840e-02],
       [ -2.09220611e-02,   1.57159554e-01,   2.24777773e-03,
         -2.42775841e-03,  -1.28396612e-02,  -1.75760462e-03,
         -2.31005807e-03,  -1.86130469e-02,  -2.74829948e-02,
          7.19747429e-02],
       [ -3.03566188e-03,   2.24777773e-03,   2.74054963e-03,
         -3.00414686e-03,   7.99936258e-04,   1.39428284e-04,
         -2.06010931e-04,   5.26113912e-04,  -6.03583500e-04,
          1.35457143e-03],
       [  1.80309916e-02,  -2.42775841e-03,  -3.00414686e-03,
          1.13529684e+00,  -1.78308352e-01,  -2.41059558e-02,
         -1.05942292e-02,   1.28337079e-01,  -4.02216926e-02,
         -3.23846195e-01],
       [ -1.25580269e-02,  -1.28396612e-02,   7.99936258e-04,
         -1.78308352e-01,   1.45092588e-01,  -1.51317186e-01,
         -1.03130465e-01,  -2.74999415e-01,   9.67754678e-03,
         -3.19012811e-02],
       [ -1.70076632e-03,  -1.75760462e-03,   1.39428284e-04,
         -2.41059558e-02,  -1.51317186e-01,   9.84770200e-01,
         -1.42083548e-02,  -3.76320256e-02,   1.18964002e-03,
         -4.82255360e-03],
       [ -8.65518476e-03,  -2.31005807e-03,  -2.06010931e-04,
         -1.05942292e-02,  -1.03130465e-01,  -1.42083548e-02,
          1.04098487e+00,   1.33316166e-02,   5.52061630e-03,
          7.79602880e-03],
       [  1.76159852e-02,  -1.86130469e-02,   5.26113912e-04,
          1.28337079e-01,  -2.74999415e-01,  -3.76320256e-02,
          1.33316166e-02,   9.66765110e-01,  -1.00245586e-02,
          1.29870537e-01],
       [ -1.85441847e-02,  -2.74829948e-02,  -6.03583500e-04,
         -4.02216926e-02,   9.67754678e-03,   1.18964002e-03,
          5.52061630e-03,  -1.00245586e-02,   1.13668197e+00,
         -3.51364482e-02],
       [ -5.90092840e-02,   7.19747429e-02,   1.35457143e-03,
         -3.23846195e-01,  -3.19012811e-02,  -4.82255360e-03,
          7.79602880e-03,   1.29870537e-01,  -3.51364482e-02,
          7.45218810e-01]])], 'diBoson_rate': [(0.38802587644230968, 1.0573920543563533)], 'beta_signal': [(1.7460132459845568e-06, 27.032196344501543)], 'lumi': [(-0.021837854007313418, 0.98584063102900044)], 'tW_rate': [(-0.089027958252086314, 1.0132043344704895)]}, 'bs1800': {'JER': [(-0.53586154393600172, 0.11395577311368843)], 'JES': [(-0.47249776212265004, 0.16058100372422146)], 'flatUnc': [(-0.12923506274782781, 0.054959886720639339)], 'ttbar_rate': [(-0.61033184225005321, 0.27356689873704054)], '__nll': [-110203.62265128526], 'zjets_rate': [(1.5048155653646438, 0.646471190219855)], 'wjets_rate': [(0.43861887641982555, 1.0043976598302842)], '__cov': [array([[  1.29881981e-02,   9.03692096e-03,   7.93472508e-05,
          2.62727952e-04,  -1.21730409e-03,  -1.42133064e-02,
         -6.22818227e-03,  -3.78290700e-05,  -1.28149355e-02,
         -1.48754501e-02],
       [  9.03692096e-03,   2.57952275e-02,   1.05443882e-05,
          5.21496625e-02,  -1.13556308e-03,  -4.32255788e-02,
         -6.99045434e-02,   1.88296453e-02,  -6.29601205e-03,
         -5.09293768e-02],
       [  7.93472508e-05,   1.05443882e-05,   9.14554263e-04,
         -2.87405639e-04,   4.90548183e-06,   2.72948920e-04,
         -1.82207652e-04,  -1.53659770e-04,  -9.39351081e-04,
         -9.84552634e-06],
       [  2.62727952e-04,   5.21496625e-02,  -2.87405639e-04,
          2.40305191e-01,  -5.05255954e-03,  -1.40921020e-01,
         -9.19874061e-02,   5.39386838e-02,   5.90267456e-03,
         -1.84008612e-01],
       [ -1.21730409e-03,  -1.13556308e-03,   4.90548183e-06,
         -5.05255954e-03,   3.02071113e-03,  -5.32717526e-05,
         -4.77954081e-04,  -2.43585082e-03,  -2.42004603e-03,
         -1.48798900e-03],
       [ -1.42133064e-02,  -4.32255788e-02,   2.72948920e-04,
         -1.40921020e-01,  -5.32717526e-05,   2.11137959e-01,
          7.00856224e-02,  -6.74877049e-02,  -2.48702991e-02,
          1.26686437e-01],
       [ -6.22818227e-03,  -6.99045434e-02,  -1.82207652e-04,
         -9.19874061e-02,  -4.77954081e-04,   7.00856224e-02,
          2.56763535e-01,  -4.75853101e-02,  -1.63127334e-03,
          6.67122238e-02],
       [ -3.78290700e-05,   1.88296453e-02,  -1.53659770e-04,
          5.39386838e-02,  -2.43585082e-03,  -6.74877049e-02,
         -4.75853101e-02,   7.49149334e-02,   2.84707253e-03,
         -9.19960097e-02],
       [ -1.28149355e-02,  -6.29601205e-03,  -9.39351081e-04,
          5.90267456e-03,  -2.42004603e-03,  -2.48702991e-02,
         -1.63127334e-03,   2.84707253e-03,   1.02282273e+00,
         -8.36768259e-03],
       [ -1.48754501e-02,  -5.09293768e-02,  -9.84552634e-06,
         -1.84008612e-01,  -1.48798900e-03,   1.26686437e-01,
          6.67122238e-02,  -9.19960097e-02,  -8.36768259e-03,
          4.20516928e-01]])], 'diBoson_rate': [(0.38764226220404296, 0.48941804359404228)], 'beta_signal': [(9.254248722889713e-07, 21.251456973227349)], 'lumi': [(-0.02172477255812133, 0.4588496907873636)], 'tW_rate': [(-0.088779702163388485, 0.50584945496754807)]}, 'bs1300': {'JER': [(-0.63929733800547517, 0.3038138627732514)], 'JES': [(-0.43119972850068322, 0.41785087674828603)], 'flatUnc': [(-0.1039746513601747, 0.38441286954426568)], 'ttbar_rate': [(-0.5941275709467515, 0.97867295112358432)], '__nll': [-110203.74839783955], 'zjets_rate': [(1.5305813561533865, 0.86820765275136269)], 'wjets_rate': [(0.4201897309640783, 1.0561561695421475)], '__cov': [array([[  9.24188166e-02,  -3.96288981e-02,  -5.76794224e-01,
          4.67068182e-02,  -2.48925881e-02,  -5.86881113e-03,
         -1.08718463e-02,   7.96153810e-03,  -1.44917109e-02,
         -8.83713355e-02],
       [ -3.96288981e-02,   1.75011243e-01,   2.31362125e-01,
         -1.62999853e-02,  -8.27354452e-03,  -1.57857796e-04,
         -1.44933156e-03,  -1.77205288e-02,  -2.90312118e-02,
          9.37024179e-02],
       [ -5.76794224e-01,   2.31362125e-01,   6.11756896e+00,
         -3.52555721e-01,   9.44466002e-02,   6.53934929e-02,
          3.27928822e-02,   1.96102235e-01,  -6.83542851e-02,
          4.18669231e-01],
       [  4.67068182e-02,  -1.62999853e-02,  -3.52555721e-01,
          1.14327772e+00,  -1.83440872e-01,  -2.63184487e-02,
         -9.43350909e-03,   1.21485852e-01,  -3.57179510e-02,
         -3.35030368e-01],
       [ -2.48925881e-02,  -8.27354452e-03,   9.44466002e-02,
         -1.83440872e-01,   1.48066049e-01,  -1.50477584e-01,
         -1.03277963e-01,  -2.73804104e-01,   8.52022814e-03,
         -2.37762815e-02],
       [ -5.86881113e-03,  -1.57857796e-04,   6.53934929e-02,
         -2.63184487e-02,  -1.50477584e-01,   9.84892880e-01,
         -1.40570725e-02,  -3.65858470e-02,   7.55058680e-04,
         -1.84621988e-03],
       [ -1.08718463e-02,  -1.44933156e-03,   3.27928822e-02,
         -9.43350909e-03,  -1.03277963e-01,  -1.40570725e-02,
          1.04280753e+00,   1.28709409e-02,   4.92425416e-03,
          1.10917134e-02],
       [  7.96153810e-03,  -1.77205288e-02,   1.96102235e-01,
          1.21485852e-01,  -2.73804104e-01,  -3.65858470e-02,
          1.28709409e-02,   9.70497733e-01,  -1.07193370e-02,
          1.34468635e-01],
       [ -1.44917109e-02,  -2.90312118e-02,  -6.83542851e-02,
         -3.57179510e-02,   8.52022814e-03,   7.55058680e-04,
          4.92425416e-03,  -1.07193370e-02,   1.13262181e+00,
         -3.66311178e-02],
       [ -8.83713355e-02,   9.37024179e-02,   4.18669231e-01,
         -3.35030368e-01,  -2.37762815e-02,  -1.84621988e-03,
          1.10917134e-02,   1.34468635e-01,  -3.66311178e-02,
          7.62314453e-01]])], 'diBoson_rate': [(0.33601238624787388, 1.0610574707840099)], 'beta_signal': [(1.1632640394478373, 1.7432127861325055)], 'lumi': [(-0.017835036157029194, 0.9859012667423992)], 'tW_rate': [(-0.094936263249949526, 1.0140782617435991)]}, 'bs1400': {'JER': [(-0.64111023987162508, 0.29394373009759045)], 'JES': [(-0.42640950610639372, 0.41878792663580411)], 'flatUnc': [(-0.10495269904760907, 0.38415603368619333)], 'ttbar_rate': [(-0.5906081070584861, 0.97805053316095591)], '__nll': [-110203.76141866551], 'zjets_rate': [(1.5184199455188425, 0.86382125497847806)], 'wjets_rate': [(0.4258346910039883, 1.0567299484045187)], '__cov': [array([[  8.65045168e-02,  -4.03290921e-02,  -8.72551117e-01,
          3.94128787e-02,  -2.39344526e-02,  -4.94044926e-03,
         -1.31464363e-02,   1.11042448e-02,  -1.65687174e-02,
         -7.90322749e-02],
       [ -4.03290921e-02,   1.75798860e-01,   3.90096975e-01,
         -1.55175353e-02,  -7.50783227e-03,  -2.99296571e-04,
         -3.50260879e-04,  -1.91934859e-02,  -2.74813374e-02,
          9.31669787e-02],
       [ -8.72551117e-01,   3.90096975e-01,   1.58567775e+01,
         -4.77725862e-01,   1.43217712e-01,   9.59966774e-02,
          9.17468457e-02,   2.85497205e-01,  -8.30444524e-02,
          5.50109172e-01],
       [  3.94128787e-02,  -1.55175353e-02,  -4.77725862e-01,
          1.13883167e+00,  -1.82458242e-01,  -2.56069069e-02,
         -1.06879067e-02,   1.23789977e-01,  -3.71933388e-02,
         -3.28510746e-01],
       [ -2.39344526e-02,  -7.50783227e-03,   1.43217712e-01,
         -1.82458242e-01,   1.47867872e-01,  -1.50617795e-01,
         -1.02775016e-01,  -2.74173041e-01,   8.87469474e-03,
         -2.54163593e-02],
       [ -4.94044926e-03,  -2.99296571e-04,   9.59966774e-02,
         -2.56069069e-02,  -1.50617795e-01,   9.84771687e-01,
         -1.39660606e-02,  -3.69654221e-02,   9.33442752e-04,
         -2.82299725e-03],
       [ -1.31464363e-02,  -3.50260879e-04,   9.17468457e-02,
         -1.06879067e-02,  -1.02775016e-01,  -1.39660606e-02,
          1.04383161e+00,   1.27218745e-02,   4.68210530e-03,
          1.22797759e-02],
       [  1.11042448e-02,  -1.91934859e-02,   2.85497205e-01,
          1.23789977e-01,  -2.74173041e-01,  -3.69654221e-02,
          1.27218745e-02,   9.69245027e-01,  -1.04683874e-02,
          1.31322867e-01],
       [ -1.65687174e-02,  -2.74813374e-02,  -8.30444524e-02,
         -3.71933388e-02,   8.87469474e-03,   9.33442752e-04,
          4.68210530e-03,  -1.04683874e-02,   1.13387532e+00,
         -3.51782005e-02],
       [ -7.90322749e-02,   9.31669787e-02,   5.50109172e-01,
         -3.28510746e-01,  -2.54163593e-02,  -2.82299725e-03,
          1.22797759e-02,   1.31322867e-01,  -3.51782005e-02,
          7.54530538e-01]])], 'diBoson_rate': [(0.34401573256281814, 1.059022218980421)], 'beta_signal': [(2.0198164034157027, 2.7216227100539445)], 'lumi': [(-0.017238835973405031, 0.98584141214771814)], 'tW_rate': [(-0.08930209216814422, 1.0145694036861892)]}, 'bs2000': {'JER': [(-0.53579626568245597, 0.19311498469527688)], 'JES': [(-0.47260236790864774, 0.39371356729613449)], 'flatUnc': [(-0.12908011835825661, 0.38024753846332882)], 'ttbar_rate': [(-0.61084880292935129, 0.97678220240802527)], '__nll': [-110203.6226538146], 'zjets_rate': [(1.5039448779944777, 0.85819346716630296)], 'wjets_rate': [(0.4386490268996539, 1.0579482117589132)], '__cov': [array([[  3.73122099e-02,  -1.84471149e-02,  -2.69409492e-04,
          1.47202182e-02,  -1.16739474e-02,  -1.54881996e-03,
         -8.88420175e-03,   1.81891822e-02,  -1.92069783e-02,
         -5.75206008e-02],
       [ -1.84471149e-02,   1.55335378e-01,   2.04945362e-04,
          1.71356890e-05,  -1.34979218e-02,  -1.87075089e-03,
         -2.14108489e-03,  -1.90356017e-02,  -2.69977072e-02,
          7.08694969e-02],
       [ -2.69409492e-04,   2.04945362e-04,   3.95965993e-03,
         -2.47153464e-04,   3.03250906e-05,   3.53856750e-05,
          1.49262398e-05,   1.47411052e-04,  -4.69818827e-05,
          1.54865463e-04],
       [  1.47202182e-02,   1.71356890e-05,  -2.47153464e-04,
          1.13188819e+00,  -1.77449205e-01,  -2.39590085e-02,
         -1.08117077e-02,   1.28937154e-01,  -4.08826494e-02,
         -3.22373375e-01],
       [ -1.16739474e-02,  -1.34979218e-02,   3.03250906e-05,
         -1.77449205e-01,   1.44868546e-01,  -1.51356489e-01,
         -1.03070143e-01,  -2.75166632e-01,   9.85535168e-03,
         -3.22858190e-02],
       [ -1.54881996e-03,  -1.87075089e-03,   3.53856750e-05,
         -2.39590085e-02,  -1.51356489e-01,   9.84769759e-01,
         -1.41986016e-02,  -3.76618114e-02,   1.22028325e-03,
         -4.88907131e-03],
       [ -8.88420175e-03,  -2.14108489e-03,   1.49262398e-05,
         -1.08117077e-02,  -1.03070143e-01,  -1.41986016e-02,
          1.04095315e+00,   1.33765009e-02,   5.47433963e-03,
          7.89846391e-03],
       [  1.81891822e-02,  -1.90356017e-02,   1.47411052e-04,
          1.28937154e-01,  -2.75166632e-01,  -3.76618114e-02,
          1.33765009e-02,   9.66712131e-01,  -9.91044557e-03,
          1.29609246e-01],
       [ -1.92069783e-02,  -2.69977072e-02,  -4.69818827e-05,
         -4.08826494e-02,   9.85535168e-03,   1.22028325e-03,
          5.47433963e-03,  -9.91044557e-03,   1.13653991e+00,
         -3.48373639e-02],
       [ -5.75206008e-02,   7.08694969e-02,   1.54865463e-04,
         -3.22373375e-01,  -3.22858190e-02,  -4.88907131e-03,
          7.89846391e-03,   1.29609246e-01,  -3.48373639e-02,
          7.44606243e-01]])], 'diBoson_rate': [(0.38848352990230062, 1.0558276339258335)], 'beta_signal': [(1.3537402520302777e-05, 11.134723815591204)], 'lumi': [(-0.022117914849298259, 0.98584040966499731)], 'tW_rate': [(-0.089233885905241728, 1.0131891012425764)]}, 'bs1000': {'JER': [(-0.53585160101308116, 0.21753831429918646)], 'JES': [(-0.47231236065050641, 0.39707630466862076)], 'flatUnc': [(-0.12910611670759309, 0.38061285583287319)], 'ttbar_rate': [(-0.61037555594842274, 0.97685949346517353)], '__nll': [-110203.62265012843], 'zjets_rate': [(1.5043619962982735, 0.86454056364720566)], 'wjets_rate': [(0.43902749354944337, 1.0581647873891642)], '__cov': [array([[  4.73532168e-02,  -2.36337148e-02,  -9.71365552e-05,
          2.34398340e-02,  -1.33809469e-02,  -2.24888188e-03,
         -7.48750328e-03,   1.67875097e-02,  -1.70705495e-02,
         -6.81585214e-02],
       [ -2.36337148e-02,   1.58005859e-01,   5.02235217e-05,
         -4.47494832e-03,  -1.26114561e-02,  -1.50889323e-03,
         -2.86148994e-03,  -1.83153073e-02,  -2.80922750e-02,
          7.63638279e-02],
       [ -9.71365552e-05,   5.02235217e-05,   9.37436380e-07,
         -8.44250431e-05,   1.65124035e-05,   6.78123208e-06,
         -1.34874809e-05,   1.35950538e-05,  -2.06839374e-05,
          1.02945692e-04],
       [  2.34398340e-02,  -4.47494832e-03,  -8.44250431e-05,
          1.13952813e+00,  -1.78899874e-01,  -2.45637598e-02,
         -9.60216106e-03,   1.27677458e-01,  -3.90187117e-02,
         -3.31567731e-01],
       [ -1.33809469e-02,  -1.26114561e-02,   1.65124035e-05,
         -1.78899874e-01,   1.45147583e-01,  -1.51240713e-01,
         -1.03312084e-01,  -2.74912400e-01,   9.48899189e-03,
         -3.04942594e-02],
       [ -2.24888188e-03,  -1.50889323e-03,   6.78123208e-06,
         -2.45637598e-02,  -1.51240713e-01,   9.84831750e-01,
         -1.42974734e-02,  -3.75641082e-02,   1.07079070e-03,
         -4.14873124e-03],
       [ -7.48750328e-03,  -2.86148994e-03,  -1.34874809e-05,
         -9.60216106e-03,  -1.03312084e-01,  -1.42974734e-02,
          1.04113636e+00,   1.31784320e-02,   5.77280983e-03,
          6.42064550e-03],
       [  1.67875097e-02,  -1.83153073e-02,   1.35950538e-05,
          1.27677458e-01,  -2.74912400e-01,  -3.75641082e-02,
          1.31784320e-02,   9.66866861e-01,  -1.02100716e-02,
          1.31114595e-01],
       [ -1.70705495e-02,  -2.80922750e-02,  -2.06839374e-05,
         -3.90187117e-02,   9.48899189e-03,   1.07079070e-03,
          5.77280983e-03,  -1.02100716e-02,   1.13701278e+00,
         -3.71091281e-02],
       [ -6.81585214e-02,   7.63638279e-02,   1.02945692e-04,
         -3.31567731e-01,  -3.04942594e-02,  -4.14873124e-03,
          6.42064550e-03,   1.31114595e-01,  -3.71091281e-02,
          7.55785878e-01]])], 'diBoson_rate': [(0.38781135529516142, 1.0593305265336252)], 'beta_signal': [(1.6649694312143026e-07, 0.95324757583151565)], 'lumi': [(-0.022687443984510836, 0.98587102254030001)], 'tW_rate': [(-0.088776518521855863, 1.013277035575588)]}, 'bs1900': {'JER': [(-0.53564304870432622, 0.19336411720821323)], 'JES': [(-0.47249248172034974, 0.39378958561440358)], 'flatUnc': [(-0.12962190184953482, 0.38025094070022281)], 'ttbar_rate': [(-0.60966885799513548, 0.97675490683033317)], '__nll': [-110203.62265504312], 'zjets_rate': [(1.5040039679638788, 0.85825540303933323)], 'wjets_rate': [(0.43880473041447132, 1.0579392259088349)], '__cov': [array([[  3.74085916e-02,  -1.85190242e-02,  -7.65074913e-05,
          1.48407551e-02,  -1.16994260e-02,  -1.55411485e-03,
         -8.87918654e-03,   1.81764368e-02,  -1.91919121e-02,
         -5.76068526e-02],
       [ -1.85190242e-02,   1.55395493e-01,   6.12725367e-05,
         -6.45704262e-05,  -1.34784274e-02,  -1.86608365e-03,
         -2.14504576e-03,  -1.90243093e-02,  -2.70091046e-02,
          7.09336409e-02],
       [ -7.65074913e-05,   6.12725367e-05,   5.85338675e-05,
         -8.71425468e-05,   1.75863519e-05,   5.61649071e-06,
         -6.79877107e-07,   2.16536807e-05,  -1.51614246e-05,
          4.34310083e-05],
       [  1.48407551e-02,  -6.45704262e-05,  -8.71425468e-05,
          1.13204761e+00,  -1.77484196e-01,  -2.39629812e-02,
         -1.08129093e-02,   1.28914765e-01,  -4.08654648e-02,
         -3.22484753e-01],
       [ -1.16994260e-02,  -1.34784274e-02,   1.75863519e-05,
         -1.77484196e-01,   1.44871145e-01,  -1.51356735e-01,
         -1.03071943e-01,  -2.75145631e-01,   9.84969779e-03,
         -3.22628365e-02],
       [ -1.55411485e-03,  -1.86608365e-03,   5.61649071e-06,
         -2.39629812e-02,  -1.51356735e-01,   9.84763966e-01,
         -1.41969237e-02,  -3.76533054e-02,   1.21885763e-03,
         -4.88413210e-03],
       [ -8.87918654e-03,  -2.14504576e-03,  -6.79877107e-07,
         -1.08129093e-02,  -1.03071943e-01,  -1.41969237e-02,
          1.04094417e+00,   1.33773318e-02,   5.47445334e-03,
          7.89798760e-03],
       [  1.81764368e-02,  -1.90243093e-02,   2.16536807e-05,
          1.28914765e-01,  -2.75145631e-01,  -3.76533054e-02,
          1.33773318e-02,   9.66656629e-01,  -9.91064620e-03,
          1.29600321e-01],
       [ -1.91919121e-02,  -2.70091046e-02,  -1.51614246e-05,
         -4.08654648e-02,   9.84969779e-03,   1.21885763e-03,
          5.47445334e-03,  -9.91064620e-03,   1.13652040e+00,
         -3.48382586e-02],
       [ -5.76068526e-02,   7.09336409e-02,   4.34310083e-05,
         -3.22484753e-01,  -3.22628365e-02,  -4.88413210e-03,
          7.89798760e-03,   1.29600321e-01,  -3.48382586e-02,
          7.44714980e-01]])], 'diBoson_rate': [(0.38885955876108458, 1.0559007519464134)], 'beta_signal': [(1.2398271764801905e-07, 14.396642472892678)], 'lumi': [(-0.021761689152650199, 0.98583755237693405)], 'tW_rate': [(-0.088775731827599458, 1.0131848149376639)]}, 'bs1500': {'JER': [(-0.62950580830847613, 0.30587700453443833)], 'JES': [(-0.41580874333988405, 0.4361963563708211)], 'flatUnc': [(-0.10710512956438123, 0.38433647103839119)], 'ttbar_rate': [(-0.59715841679281745, 0.97729766687582331)], '__nll': [-110203.71902199576], 'zjets_rate': [(1.5378131490320301, 0.87282234018663285)], 'wjets_rate': [(0.42192915666050368, 1.056239446420089)], '__cov': [array([[  9.36798201e-02,  -5.62776838e-02,  -2.12668642e+00,
          5.73407636e-02,  -2.62093939e-02,  -4.66385238e-03,
         -9.77631160e-03,   1.40956301e-02,  -1.18893854e-02,
         -9.58403600e-02],
       [ -5.62776838e-02,   1.90756296e-01,   1.34230287e+00,
         -3.23848704e-02,  -2.96278770e-03,   2.55166984e-04,
         -1.65513142e-03,  -2.07899019e-02,  -2.95824882e-02,
          1.11417202e-01],
       [ -2.12668642e+00,   1.34230287e+00,   8.14598506e+01,
         -1.68540532e+00,   4.17353827e-01,   1.85558692e-01,
          6.17011272e-02,   4.62999136e-01,  -3.26292939e-01,
          1.72730972e+00],
       [  5.73407636e-02,  -3.23848704e-02,  -1.68540532e+00,
          1.15869850e+00,  -1.85845273e-01,  -2.61003652e-02,
         -8.47919211e-03,   1.23164308e-01,  -3.18087680e-02,
         -3.45535679e-01],
       [ -2.62093939e-02,  -2.96278770e-03,   4.17353827e-01,
         -1.85845273e-01,   1.48007092e-01,  -1.50595944e-01,
         -1.03380536e-01,  -2.74173897e-01,   7.23981731e-03,
         -2.20334757e-02],
       [ -4.66385238e-03,   2.55166984e-04,   1.85558692e-01,
         -2.61003652e-02,  -1.50595944e-01,   9.84695902e-01,
         -1.42635016e-02,  -3.74326621e-02,   7.00971231e-04,
         -2.58388633e-03],
       [ -9.77631160e-03,  -1.65513142e-03,   6.17011272e-02,
         -8.47919211e-03,  -1.03380536e-01,  -1.42635016e-02,
          1.04218933e+00,   1.21930279e-02,   5.21424019e-03,
          1.01649312e-02],
       [  1.40956301e-02,  -2.07899019e-02,   4.62999136e-01,
          1.23164308e-01,  -2.74173897e-01,  -3.74326621e-02,
          1.21930279e-02,   9.67737632e-01,  -1.02534865e-02,
          1.30336841e-01],
       [ -1.18893854e-02,  -2.95824882e-02,  -3.26292939e-01,
         -3.18087680e-02,   7.23981731e-03,   7.00971231e-04,
          5.21424019e-03,  -1.02534865e-02,   1.13280425e+00,
         -3.94817216e-02],
       [ -9.58403600e-02,   1.11417202e-01,   1.72730972e+00,
         -3.45535679e-01,  -2.20334757e-02,  -2.58388633e-03,
          1.01649312e-02,   1.30336841e-01,  -3.94817216e-02,
          7.70541981e-01]])], 'diBoson_rate': [(0.32601850579883873, 1.0680807348201258)], 'beta_signal': [(3.8105388532245383, 4.6687433213935448)], 'lumi': [(-0.019681314456783561, 0.98580395443900071)], 'tW_rate': [(-0.091356259565166908, 1.0137820221138083)]}, 'bs900': {'JER': [(-1.0450159918146378, 0.11513659211552674)], 'JES': [(-0.47812366002582074, 0.36021682093168161)], 'flatUnc': [(0.0099120247281128115, 0.37911559823034535)], 'ttbar_rate': [(-0.65334400043472041, 0.97849536208577281)], '__nll': [-110202.47098578185], 'zjets_rate': [(1.7763566485740183, 0.82512735841650242)], 'wjets_rate': [(0.59348688033112662, 1.0678920606455553)], '__cov': [array([[  1.32588908e-02,  -3.75584858e-05,  -3.83767358e-03,
          8.20448809e-03,  -3.73696719e-03,  -6.94606285e-04,
         -5.55866900e-04,   2.64981971e-04,   6.35636666e-04,
         -9.53149775e-03],
       [ -3.75584858e-05,   1.29983814e-01,   7.33070142e-03,
          6.60882860e-03,  -1.75086531e-02,  -2.13219859e-03,
         -1.17967605e-03,  -1.08005545e-02,  -2.96183578e-02,
          4.09327044e-02],
       [ -3.83767358e-03,   7.33070142e-03,   4.30065877e-02,
         -2.79227129e-02,  -1.45463906e-02,   8.28419011e-03,
         -9.13999192e-03,   4.22036709e-02,  -2.58695794e-02,
          4.38450699e-02],
       [  8.20448809e-03,   6.60882860e-03,  -2.79227129e-02,
          1.11374871e+00,  -1.74224849e-01,  -2.55167542e-02,
          2.53468082e-03,   1.17019612e-01,  -3.00724634e-02,
         -3.03125665e-01],
       [ -3.73696719e-03,  -1.75086531e-02,  -1.45463906e-02,
         -1.74224849e-01,   1.44005480e-01,  -1.51323840e-01,
         -1.08877586e-01,  -2.74723005e-01,   5.07970680e-03,
         -3.62651133e-02],
       [ -6.94606285e-04,  -2.13219859e-03,   8.28419011e-03,
         -2.55167542e-02,  -1.51323840e-01,   9.82961774e-01,
         -1.58128556e-02,  -3.67003664e-02,  -5.67113419e-04,
         -3.43523823e-03],
       [ -5.55866900e-04,  -1.17967605e-03,  -9.13999192e-03,
          2.53468082e-03,  -1.08877586e-01,  -1.58128556e-02,
          1.05240928e+00,   9.98208749e-03,   5.76683239e-03,
         -6.04537924e-03],
       [  2.64981971e-04,  -1.08005545e-02,   4.22036709e-02,
          1.17019612e-01,  -2.74723005e-01,  -3.67003664e-02,
          9.98208749e-03,   9.70179888e-01,  -1.09854604e-02,
          1.54828090e-01],
       [  6.35636666e-04,  -2.96183578e-02,  -2.58695794e-02,
         -3.00724634e-02,   5.07970680e-03,  -5.67113419e-04,
          5.76683239e-03,  -1.09854604e-02,   1.15846614e+00,
         -6.99447400e-02],
       [ -9.53149775e-03,   4.09327044e-02,   4.38450699e-02,
         -3.03125665e-01,  -3.62651133e-02,  -3.43523823e-03,
         -6.04537924e-03,   1.54828090e-01,  -6.99447400e-02,
          6.88045175e-01]])], 'diBoson_rate': [(0.23912606912979406, 1.0474908799020199)], 'beta_signal': [(0.37668904090471855, 0.20474387298794128)], 'lumi': [(0.001607738150788407, 0.9849470721125293)], 'tW_rate': [(-0.044868622011984272, 1.0186726422752463)]}, 'bs1100': {'JER': [(-0.56866323238941519, 0.43017065815055378)], 'JES': [(-0.45846082187352089, 0.43580799709476148)], 'flatUnc': [(-0.1224381565723105, 0.38508749162925682)], 'ttbar_rate': [(-0.60281339692952152, 0.98101925780250343)], '__nll': [-110203.63726644704], 'zjets_rate': [(1.5153527636181732, 0.91935178588857092)], 'wjets_rate': [(0.4260296083209969, 1.0614121778781715)], '__cov': [array([[ 0.18551215, -0.08748893, -0.49080118,  0.11999369, -0.03541889,
        -0.01428485, -0.0070642 , -0.01708387,  0.02300249, -0.18564115],
       [-0.08748893,  0.19041664,  0.22601693, -0.04973999, -0.00219601,
         0.0040431 , -0.00286993, -0.00407379, -0.04549781,  0.13418153],
       [-0.49080118,  0.22601693,  1.61686094, -0.34844015,  0.07494329,
         0.0440888 , -0.00372386,  0.12415799, -0.13806327,  0.43229205],
       [ 0.11999369, -0.04973999, -0.34844015,  1.20432992, -0.1935179 ,
        -0.03287134, -0.00910574,  0.10360642, -0.01003908, -0.4117364 ],
       [-0.03541889, -0.00219601,  0.07494329, -0.1935179 ,  0.14858728,
        -0.14939697, -0.10350174, -0.26975362,  0.00268579, -0.01164311],
       [-0.01428485,  0.0040431 ,  0.0440888 , -0.03287134, -0.14939697,
         0.98574694, -0.01430776, -0.03446683, -0.00242287,  0.0063173 ],
       [-0.0070642 , -0.00286993, -0.00372386, -0.00910574, -0.10350174,
        -0.01430776,  1.04083943,  0.01307659,  0.00585891,  0.00688636],
       [-0.01708387, -0.00407379,  0.12415799,  0.10360642, -0.26975362,
        -0.03446683,  0.01307659,  0.97522483, -0.01913808,  0.15962826],
       [ 0.02300249, -0.04549781, -0.13806327, -0.01003908,  0.00268579,
        -0.00242287,  0.00585891, -0.01913808,  1.14410376, -0.07094501],
       [-0.18564115,  0.13418153,  0.43229205, -0.4117364 , -0.01164311,
         0.0063173 ,  0.00688636,  0.15962826, -0.07094501,  0.85593355]])], 'diBoson_rate': [(0.3656507587150557, 1.0885649277211589)], 'beta_signal': [(0.13253536758146978, 1.7609812768747299)], 'lumi': [(-0.018065887589115981, 0.98632299606432272)], 'tW_rate': [(-0.09444193746466123, 1.0131342561645558)]}, 'bs1600': {'JER': [(-0.54910118330044533, 0.26723047886133822)], 'JES': [(-0.46342524451959388, 0.41014856390846965)], 'flatUnc': [(-0.12592222898594585, 0.38301450466727172)], 'ttbar_rate': [(-0.60764497054625632, 0.97729173679692538)], '__nll': [-110203.62576908879], 'zjets_rate': [(1.5060536839456393, 0.86089136973572922)], 'wjets_rate': [(0.43699114663724536, 1.0582046235130123)], '__cov': [array([[  7.14812011e-02,  -4.03509068e-02,  -2.09864862e+00,
          4.38898342e-02,  -2.04228233e-02,  -3.34762318e-03,
         -7.43962658e-03,   1.17982330e-02,  -1.33088438e-02,
         -7.15080917e-02],
       [ -4.03509068e-02,   1.68604587e-01,   1.33909297e+00,
         -1.94974680e-02,  -7.50154615e-03,  -6.70228834e-04,
         -3.02423317e-03,  -1.53006502e-02,  -3.00965847e-02,
          8.11774092e-02],
       [ -2.09864862e+00,   1.33909297e+00,   1.27512724e+02,
         -1.79781973e+00,   5.08494921e-01,   1.23807964e-01,
         -7.83877950e-02,   4.38238153e-01,  -3.62643108e-01,
          9.54133111e-01],
       [  4.38898342e-02,  -1.94974680e-02,  -1.79781973e+00,
          1.15644856e+00,  -1.84600641e-01,  -2.54693977e-02,
         -9.12763287e-03,   1.23199140e-01,  -3.54391382e-02,
         -3.33986494e-01],
       [ -2.04228233e-02,  -7.50154615e-03,   5.08494921e-01,
         -1.84600641e-01,   1.46988720e-01,  -1.50909638e-01,
         -1.03505846e-01,  -2.73558385e-01,   8.20973643e-03,
         -2.84918939e-02],
       [ -3.34762318e-03,  -6.70228834e-04,   1.23807964e-01,
         -2.54693977e-02,  -1.50909638e-01,   9.84860810e-01,
         -1.42890215e-02,  -3.73415372e-02,   8.93156217e-04,
         -4.09640645e-03],
       [ -7.43962658e-03,  -3.02423317e-03,  -7.83877950e-02,
         -9.12763287e-03,  -1.03505846e-01,  -1.42890215e-02,
          1.04135247e+00,   1.29277951e-02,   5.60317104e-03,
          7.47312204e-03],
       [  1.17982330e-02,  -1.53006502e-02,   4.38238153e-01,
          1.23199140e-01,  -2.73558385e-01,  -3.73415372e-02,
          1.29277951e-02,   9.67732360e-01,  -1.09409960e-02,
          1.32389804e-01],
       [ -1.33088438e-02,  -3.00965847e-02,  -3.62643108e-01,
         -3.54391382e-02,   8.20973643e-03,   8.93156217e-04,
          5.60317104e-03,  -1.09409960e-02,   1.13709845e+00,
         -3.73122337e-02],
       [ -7.15080917e-02,   8.11774092e-02,   9.54133111e-01,
         -3.33986494e-01,  -2.84918939e-02,  -4.09640645e-03,
          7.47312204e-03,   1.32389804e-01,  -3.73122337e-02,
          7.49349890e-01]])], 'diBoson_rate': [(0.38065270933808026, 1.0670464706126253)], 'beta_signal': [(0.81701930266523726, 11.744992143594306)], 'lumi': [(-0.022851575766233978, 0.98588537379829955)], 'tW_rate': [(-0.090905636385844701, 1.01338061838338)]}, 'bs800': {'JER': [(-1.0431144850060083, 0.12725996003003504)], 'JES': [(-0.51143470356884713, 0.35625709202157285)], 'flatUnc': [(0.012595991836368725, 0.38095909267454386)], 'ttbar_rate': [(-0.68729835200894396, 0.98044493485574447)], '__nll': [-110202.24912415489], 'zjets_rate': [(1.8218347508742205, 0.84121962202537759)], 'wjets_rate': [(0.64624049499969249, 1.0736908506593532)], '__cov': [array([[  1.61987626e-02,   4.03785448e-04,  -3.04954124e-03,
          1.01780282e-02,  -4.41222519e-03,  -9.24860523e-04,
         -2.24118910e-04,   2.36039562e-04,   6.71212774e-04,
         -1.30865170e-02],
       [  4.03785448e-04,   1.27137204e-01,   3.23936726e-03,
          8.71034098e-03,  -1.81131427e-02,  -2.19781235e-03,
         -1.43680823e-04,  -1.06014315e-02,  -2.80094724e-02,
          3.71358013e-02],
       [ -3.04954124e-03,   3.23936726e-03,   1.71645890e-02,
         -1.82512282e-02,  -9.64360673e-03,   5.30446350e-03,
         -8.85653364e-03,   2.59748061e-02,  -1.49049579e-02,
          3.34016592e-02],
       [  1.01780282e-02,   8.71034098e-03,  -1.82512282e-02,
          1.11757850e+00,  -1.74758054e-01,  -2.60552831e-02,
          1.00222605e-02,   1.18207649e-01,  -3.57176108e-02,
         -3.17422937e-01],
       [ -4.41222519e-03,  -1.81131427e-02,  -9.64360673e-03,
         -1.74758054e-01,   1.45412106e-01,  -1.51594503e-01,
         -1.07730107e-01,  -2.77062790e-01,   6.73599476e-03,
         -3.71899488e-02],
       [ -9.24860523e-04,  -2.19781235e-03,   5.30446350e-03,
         -2.60552831e-02,  -1.51594503e-01,   9.83227575e-01,
         -1.60365287e-02,  -3.60207300e-02,  -7.08354804e-04,
         -2.06494640e-03],
       [ -2.24118910e-04,  -1.43680823e-04,  -8.85653364e-03,
          1.00222605e-02,  -1.07730107e-01,  -1.60365287e-02,
          1.05191459e+00,   1.05733266e-02,   7.04824209e-03,
         -1.73824182e-02],
       [  2.36039562e-04,  -1.06014315e-02,   2.59748061e-02,
          1.18207649e-01,  -2.77062790e-01,  -3.60207300e-02,
          1.05733266e-02,   9.74126188e-01,  -1.24858859e-02,
          1.59102867e-01],
       [  6.71212774e-04,  -2.80094724e-02,  -1.49049579e-02,
         -3.57176108e-02,   6.73599476e-03,  -7.08354804e-04,
          7.04824209e-03,  -1.24858859e-02,   1.17133617e+00,
         -7.65345574e-02],
       [ -1.30865170e-02,   3.71358013e-02,   3.34016592e-02,
         -3.17422937e-01,  -3.71899488e-02,  -2.06494640e-03,
         -1.73824182e-02,   1.59102867e-01,  -7.65345574e-02,
          7.15504859e-01]])], 'diBoson_rate': [(0.24884485196620876, 1.0492618236249891)], 'beta_signal': [(0.22126177763424937, 0.12948938078693994)], 'lumi': [(-0.0021798050562029658, 0.9850784781471682)], 'tW_rate': [(-0.079307560413984568, 1.0184353448104331)]}, 'bs1200': {'JER': [(-0.61948042078674526, 0.39218710648420085)], 'JES': [(-0.44139444889153623, 0.45687617516103263)], 'flatUnc': [(-0.11047442272251295, 0.38720440736089712)], 'ttbar_rate': [(-0.59670823069568524, 0.9787179708568261)], '__nll': [-110203.6951798392], 'zjets_rate': [(1.5329073107852684, 0.90760688936958456)], 'wjets_rate': [(0.42351008036392912, 1.0563814126273976)], '__cov': [array([[  1.54132808e-01,  -8.08135878e-02,  -6.03347458e-01,
          8.30206885e-02,  -3.64686067e-02,  -1.01653940e-02,
         -1.34681262e-02,   6.90755108e-03,  -7.72317613e-03,
         -1.56148487e-01],
       [ -8.08135878e-02,   2.09325179e-01,   3.01439714e-01,
         -3.79156793e-02,  -1.21879744e-03,   2.40635647e-03,
          5.45652042e-04,  -1.86371659e-02,  -3.29818911e-02,
          1.38615472e-01],
       [ -6.03347458e-01,   3.01439714e-01,   3.22737529e+00,
         -3.64615489e-01,   1.09632131e-01,   5.44635574e-02,
          2.60612138e-02,   1.11184676e-01,  -7.23703527e-02,
          5.27940493e-01],
       [  8.30206885e-02,  -3.79156793e-02,  -3.64615489e-01,
          1.16262801e+00,  -1.90293729e-01,  -2.88848816e-02,
         -1.15490399e-02,   1.20736364e-01,  -3.17769915e-02,
         -3.73836969e-01],
       [ -3.64686067e-02,  -1.21879744e-03,   1.09632131e-01,
         -1.90293729e-01,   1.50228677e-01,  -1.49641573e-01,
         -1.02519126e-01,  -2.73383579e-01,   7.28523693e-03,
         -1.10386388e-02],
       [ -1.01653940e-02,   2.40635647e-03,   5.44635574e-02,
         -2.88848816e-02,  -1.49641573e-01,   9.85213127e-01,
         -1.38821635e-02,  -3.64232024e-02,   2.54801075e-04,
          2.62752371e-03],
       [ -1.34681262e-02,   5.45652042e-04,   2.60612138e-02,
         -1.15490399e-02,  -1.02519126e-01,  -1.38821635e-02,
          1.04092232e+00,   1.31164541e-02,   5.25784781e-03,
          1.41035690e-02],
       [  6.90755108e-03,  -1.86371659e-02,   1.11184676e-01,
          1.20736364e-01,  -2.73383579e-01,  -3.64232024e-02,
          1.31164541e-02,   9.70589836e-01,  -1.14489274e-02,
          1.35054460e-01],
       [ -7.72317613e-03,  -3.29818911e-02,  -7.23703527e-02,
         -3.17769915e-02,   7.28523693e-03,   2.54801075e-04,
          5.25784781e-03,  -1.14489274e-02,   1.13311446e+00,
         -4.26798587e-02],
       [ -1.56148487e-01,   1.38615472e-01,   5.27940493e-01,
         -3.73836969e-01,  -1.10386388e-02,   2.62752371e-03,
          1.41035690e-02,   1.35054460e-01,  -4.26798587e-02,
          8.33957728e-01]])], 'diBoson_rate': [(0.34858400403321887, 1.0698568768236671)], 'beta_signal': [(0.52987280961284999, 1.0925433508244369)], 'lumi': [(-0.017977140156875571, 0.98605942472315689)], 'tW_rate': [(-0.091370619254357521, 1.0131741947787298)]}}
