{'bs1700': {'JER': [(0.12084180131934019, 0.95302211532066394)], 'JES': [(0.19897799206417766, 0.57848606124832491)], 'tau_scalefactor': [(0.16675731758073731, 0.98834194321911051)], 'trig': [(-0.012987574123402013, 0.99328458338521131)], 'beta_signal': [(0.07490666808070956, 1.7583218642406058)], 'bkg': [(-0.62776954094538961, 0.64115400161280123)], 'ttbar_rate_had': [(0.36302438008646654, 0.98512287977726665)], '__nll': [-610.32560196644772], '__cov': [array([[  9.19497943e-01,  -4.73573961e-04,  -1.52299640e-02,
         -1.18035411e-02,   8.17808719e-03,   1.10762722e-04,
         -5.85349048e-05,   4.99256709e-04,  -5.21591469e-05,
          1.16897403e-02,   6.13184673e-04,   1.99114982e-04,
          3.10841471e-02],
       [ -4.73573961e-04,   3.36155496e-01,   3.59716522e-02,
         -9.27332206e-02,  -6.26087698e-02,  -2.29708855e-03,
          5.28694992e-05,  -1.04207975e-02,  -6.88050438e-03,
         -6.52187525e-02,  -7.49989294e-03,   1.58953105e-03,
         -1.60587161e-01],
       [ -1.52299640e-02,   3.59716522e-02,   3.75325385e-01,
          6.23887589e-02,  -1.48935196e-01,  -4.23183325e-03,
          1.05075948e-04,  -1.91850579e-02,  -2.82370247e-02,
         -9.20079244e-02,  -9.34141093e-04,  -7.32154660e-04,
         -2.19090441e-01],
       [ -1.18035411e-02,  -9.27332206e-02,   6.23887589e-02,
          9.42620500e-01,  -1.04347947e-01,  -9.70424909e-04,
          1.71330993e-04,  -4.46246161e-03,   6.30028138e-03,
         -2.88734573e-02,   3.61730369e-03,   1.65877964e-03,
         -7.07586473e-02],
       [  8.17808719e-03,  -6.26087698e-02,  -1.48935196e-01,
         -1.04347947e-01,   4.13393043e-01,  -4.29878232e-03,
         -1.20887995e-04,  -1.94751859e-02,  -2.71257608e-02,
         -8.37789301e-02,  -2.67758161e-03,  -2.91495175e-03,
         -1.95346248e-01],
       [  1.10762722e-04,  -2.29708855e-03,  -4.23183325e-03,
         -9.70424909e-04,  -4.29878232e-03,   1.00051102e+00,
          1.81803893e-05,   2.29225812e-03,   3.63797751e-03,
         -6.71868188e-04,  -8.70458149e-05,  -6.17643518e-06,
         -5.67340892e-03],
       [ -5.85349048e-05,   5.28694992e-05,   1.05075948e-04,
          1.71330993e-04,  -1.20887995e-04,   1.81803893e-05,
          1.00010147e+00,   8.23121107e-05,   4.94603472e-05,
         -1.43792889e-04,   8.46181976e-06,   3.28248579e-06,
         -5.30605184e-04],
       [  4.99256709e-04,  -1.04207975e-02,  -1.91850579e-02,
         -4.46246161e-03,  -1.94751859e-02,   2.29225812e-03,
          8.23121107e-05,   1.01043107e+00,   1.64674224e-02,
         -3.05142291e-03,  -3.97955126e-04,  -2.84141277e-05,
         -2.57032968e-02],
       [ -5.21591469e-05,  -6.88050438e-03,  -2.82370247e-02,
          6.30028138e-03,  -2.71257608e-02,   3.63797751e-03,
          4.94603472e-05,   1.64674224e-02,   1.02603700e+00,
         -4.86586750e-03,  -3.23312214e-04,   1.62085557e-05,
         -4.09055355e-02],
       [  1.16897403e-02,  -6.52187525e-02,  -9.20079244e-02,
         -2.88734573e-02,  -8.37789301e-02,  -6.71868188e-04,
         -1.43792889e-04,  -3.05142291e-03,  -4.86586750e-03,
          9.89855554e-01,   5.22425728e-05,  -1.00466529e-03,
         -2.42620125e-02],
       [  6.13184673e-04,  -7.49989294e-03,  -9.34141093e-04,
          3.61730369e-03,  -2.67758161e-03,  -8.70458149e-05,
          8.46181976e-06,  -3.97955126e-04,  -3.23312214e-04,
          5.22425728e-05,   9.99797384e-01,  -4.13776452e-05,
          8.44072374e-04],
       [  1.99114982e-04,   1.58953105e-03,  -7.32154660e-04,
          1.65877964e-03,  -2.91495175e-03,  -6.17643518e-06,
          3.28248579e-06,  -2.84141277e-05,   1.62085557e-05,
         -1.00466529e-03,  -4.13776452e-05,   9.99900565e-01,
         -2.69782046e-03],
       [  3.10841471e-02,  -1.60587161e-01,  -2.19090441e-01,
         -7.07586473e-02,  -1.95346248e-01,  -5.67340892e-03,
         -5.30605184e-04,  -2.57032968e-02,  -4.09055355e-02,
         -2.42620125e-02,   8.44072374e-04,  -2.69782046e-03,
          9.83387097e-01]])], 'lumi': [(0.011715864882572369, 0.99358369174761219)], 'schannel_rate': [(0.00041758160092797425, 0.993383072904376)], 'subjet_scalefactor': [(0.053090480513087179, 0.9984301558236699)], 'Q2': [(-1.1335553901452244, 0.611019942469887)], 'tchannel_rate': [(-1.8444606557643795e-05, 0.99323406429149497)], 'tW_rate': [(0.08190493978805069, 1.0060046465615127)]}, 'bs1800': {'JER': [(0.12182016450312538, 0.94822292267050745)], 'JES': [(0.20685326063610265, 0.55766435332355169)], 'tau_scalefactor': [(0.16801681182525385, 0.98810214372246907)], 'trig': [(-0.013096577011983968, 0.99328392879657357)], 'beta_signal': [(0.011780282531630881, 7.1371588433062696)], 'bkg': [(-0.62119865985616496, 0.63857331906959702)], 'ttbar_rate_had': [(0.36731758597582864, 0.98474509843583702)], '__nll': [-610.32254088156378], '__cov': [array([[  9.10146559e-01,  -1.18550128e-03,  -1.47926496e-02,
         -4.45057831e-03,   7.01165098e-03,   1.13081563e-04,
         -5.86480021e-05,   5.08973021e-04,  -2.54463171e-05,
          1.13115549e-02,   6.60183750e-04,   2.18272920e-04,
          3.00475917e-02],
       [ -1.18550128e-03,   3.12292549e-01,   4.58924392e-02,
          7.93881035e-02,  -7.39080999e-02,  -1.97581465e-03,
         -5.54951344e-06,  -8.97029977e-03,  -4.95182400e-03,
         -6.65216507e-02,  -7.01704662e-03,   1.75845299e-03,
         -1.66603642e-01],
       [ -1.47926496e-02,   4.58924392e-02,   3.75375060e-01,
          8.62759292e-02,  -1.48470902e-01,  -4.15593623e-03,
          9.50075463e-05,  -1.88378487e-02,  -2.77573175e-02,
         -9.19755233e-02,  -1.32010179e-03,  -7.45810092e-04,
         -2.19710846e-01],
       [ -4.45057831e-03,   7.93881035e-02,   8.62759292e-02,
          1.51416707e+00,  -1.20974752e-01,   1.38309592e-03,
          1.27934171e-04,   6.24909688e-03,   1.24383213e-02,
         -3.40666203e-02,  -2.52661753e-03,   1.70528110e-03,
         -1.03514380e-01],
       [  7.01165098e-03,  -7.39080999e-02,  -1.48470902e-01,
         -1.20974752e-01,   4.10052499e-01,  -4.37863689e-03,
         -9.60414796e-05,  -1.98427583e-02,  -2.75284057e-02,
         -8.47755485e-02,  -2.14430898e-03,  -2.83484743e-03,
         -1.97300037e-01],
       [  1.13081563e-04,  -1.97581465e-03,  -4.15593623e-03,
          1.38309592e-03,  -4.37863689e-03,   1.00050370e+00,
          1.87148411e-05,   2.25931154e-03,   3.61655337e-03,
         -7.41480017e-04,  -1.03550973e-04,  -5.43828013e-06,
         -5.80885866e-03],
       [ -5.86480021e-05,  -5.54951344e-06,   9.50075463e-05,
          1.27934171e-04,  -9.60414796e-05,   1.87148411e-05,
          1.00009725e+00,   8.47414574e-05,   5.31238195e-05,
         -1.34189175e-04,   9.83628739e-06,   2.80508029e-06,
         -5.08566521e-04],
       [  5.08973021e-04,  -8.97029977e-03,  -1.88378487e-02,
          6.24909688e-03,  -1.98427583e-02,   2.25931154e-03,
          8.47414574e-05,   1.01027883e+00,   1.63709477e-02,
         -3.36812212e-03,  -4.72464905e-04,  -2.49695264e-05,
         -2.63211359e-02],
       [ -2.54463171e-05,  -4.95182400e-03,  -2.77573175e-02,
          1.24383213e-02,  -2.75284057e-02,   3.61655337e-03,
          5.31238195e-05,   1.63709477e-02,   1.02590106e+00,
         -5.21818621e-03,  -3.87721323e-04,   1.93369215e-05,
         -4.17125227e-02],
       [  1.13115549e-02,  -6.65216507e-02,  -9.19755233e-02,
         -3.40666203e-02,  -8.47755485e-02,  -7.41480017e-04,
         -1.34189175e-04,  -3.36812212e-03,  -5.21818621e-03,
          9.89369046e-01,   1.43836439e-04,  -9.90427295e-04,
         -2.49029405e-02],
       [  6.60183750e-04,  -7.01704662e-03,  -1.32010179e-03,
         -2.52661753e-03,  -2.14430898e-03,  -1.03550973e-04,
          9.83628739e-06,  -4.72464905e-04,  -3.87721323e-04,
          1.43836439e-04,   9.99748313e-01,  -4.96904680e-05,
          1.21814273e-03],
       [  2.18272920e-04,   1.75845299e-03,  -7.45810092e-04,
          1.70528110e-03,  -2.83484743e-03,  -5.43828013e-06,
          2.80508029e-06,  -2.49695264e-05,   1.93369215e-05,
         -9.90427295e-04,  -4.96904680e-05,   9.99899231e-01,
         -2.66681562e-03],
       [  3.00475917e-02,  -1.66603642e-01,  -2.19710846e-01,
         -1.03514380e-01,  -1.97300037e-01,  -5.80885866e-03,
         -5.08566521e-04,  -2.63211359e-02,  -4.17125227e-02,
         -2.49029405e-02,   1.21814273e-03,  -2.66681562e-03,
          9.82624563e-01]])], 'lumi': [(0.011608254249665606, 0.99358010344203729)], 'schannel_rate': [(0.00040648659991493474, 0.99338100821285114)], 'subjet_scalefactor': [(0.052581183242183194, 0.99835596896006296)], 'Q2': [(-1.137158936108206, 0.61105960276722793)], 'tchannel_rate': [(-0.00032201905259299224, 0.99321001612510518)], 'tW_rate': [(0.081532609351077312, 1.0059389332304631)]}, 'bs1300': {'JER': [(0.12143991139216581, 0.94696030894989125)], 'JES': [(0.20027215183908975, 0.56264296749777909)], 'tau_scalefactor': [(0.15959497089858488, 0.99231305218799193)], 'trig': [(-0.012921023606792481, 0.9932841599681399)], 'beta_signal': [(0.022664073257247175, 0.45877272711734474)], 'bkg': [(-0.62104994039055139, 0.62957064030271259)], 'ttbar_rate_had': [(0.34790528274697596, 1.0040005305440127)], '__nll': [-610.32769344043072], '__cov': [array([[  9.07694479e-01,  -5.86460301e-04,  -1.41579390e-02,
         -8.74234482e-04,   6.77954278e-03,   1.27764600e-04,
         -4.32544921e-05,   5.76166286e-04,   7.27705696e-05,
          1.15339281e-02,   6.31273509e-04,   2.15280863e-04,
          3.05273796e-02],
       [ -5.86460301e-04,   3.17917302e-01,   4.64442707e-02,
         -1.31785466e-02,  -6.74875400e-02,  -1.94681286e-03,
         -2.04655204e-04,  -8.82967905e-03,  -4.89804677e-03,
         -6.09804092e-02,  -6.88047239e-03,   1.56773304e-03,
         -1.51723521e-01],
       [ -1.41579390e-02,   4.64442707e-02,   3.79874428e-01,
         -2.06496565e-02,  -1.40824931e-01,  -3.79067427e-03,
          2.20917702e-04,  -1.71651411e-02,  -2.59801197e-02,
         -8.13145204e-02,  -9.90603569e-04,  -1.03655983e-03,
         -1.93454444e-01],
       [ -8.74234482e-04,  -1.31785466e-02,  -2.06496565e-02,
          5.14295514e-02,  -3.52939543e-03,  -1.79373547e-03,
         -4.42033342e-04,  -8.17059239e-03,  -6.57677428e-03,
         -2.26076609e-02,  -3.26073068e-04,   4.45093561e-04,
         -4.75715789e-02],
       [  6.77954278e-03,  -6.74875400e-02,  -1.40824931e-01,
         -3.52939543e-03,   3.98509556e-01,  -4.12953809e-03,
          1.76024117e-05,  -1.87121733e-02,  -2.60170150e-02,
         -8.49763709e-02,  -2.34859943e-03,  -2.73943048e-03,
         -1.99879360e-01],
       [  1.27764600e-04,  -1.94681286e-03,  -3.79067427e-03,
         -1.79373547e-03,  -4.12953809e-03,   1.00052271e+00,
          2.55279428e-05,   2.34564122e-03,   3.67642428e-03,
         -1.55386265e-04,  -9.01902610e-05,  -1.93154817e-05,
         -4.36194612e-03],
       [ -4.32544921e-05,  -2.04655204e-04,   2.20917702e-04,
         -4.42033342e-04,   1.76024117e-05,   2.55279428e-05,
          1.00005038e+00,   1.15952430e-04,   1.11110998e-04,
          1.11442004e-04,   1.90407982e-05,  -3.01159183e-06,
          1.06736319e-04],
       [  5.76166286e-04,  -8.82967905e-03,  -1.71651411e-02,
         -8.17059239e-03,  -1.87121733e-02,   2.34564122e-03,
          1.15952430e-04,   1.01068619e+00,   1.66457289e-02,
         -6.96036000e-04,  -4.11788870e-04,  -8.82087172e-05,
         -1.97259993e-02],
       [  7.27705696e-05,  -4.89804677e-03,  -2.59801197e-02,
         -6.57677428e-03,  -2.60170150e-02,   3.67642428e-03,
          1.11110998e-04,   1.66457289e-02,   1.02601162e+00,
         -2.09718086e-03,  -2.77093198e-04,  -5.80316610e-05,
         -3.36936954e-02],
       [  1.15339281e-02,  -6.09804092e-02,  -8.13145204e-02,
         -2.26076609e-02,  -8.49763709e-02,  -1.55386265e-04,
          1.11442004e-04,  -6.96036000e-04,  -2.09718086e-03,
          9.97932753e-01,   2.51088312e-04,  -1.13538790e-03,
         -6.32037863e-03],
       [  6.31273509e-04,  -6.88047239e-03,  -9.90603569e-04,
         -3.26073068e-04,  -2.34859943e-03,  -9.01902610e-05,
          1.90407982e-05,  -4.11788870e-04,  -2.77093198e-04,
          2.51088312e-04,   9.99719209e-01,  -4.98686802e-05,
          1.40612952e-03],
       [  2.15280863e-04,   1.56773304e-03,  -1.03655983e-03,
          4.45093561e-04,  -2.73943048e-03,  -1.93154817e-05,
         -3.01159183e-06,  -8.82087172e-05,  -5.80316610e-05,
         -1.13538790e-03,  -4.98686802e-05,   9.99899700e-01,
         -2.95144238e-03],
       [  3.05273796e-02,  -1.51723521e-01,  -1.93454444e-01,
         -4.75715789e-02,  -1.99879360e-01,  -4.36194612e-03,
          1.06736319e-04,  -1.97259993e-02,  -3.36936954e-02,
         -6.32037863e-03,   1.40612952e-03,  -2.95144238e-03,
          1.02196166e+00]])], 'lumi': [(0.011102084474688745, 0.99358942115884785)], 'schannel_rate': [(0.00020685798458064397, 0.99335804143916784)], 'subjet_scalefactor': [(0.050614713190228144, 0.99855455494824952)], 'Q2': [(-1.1473203149659912, 0.6146897501821571)], 'tchannel_rate': [(-0.00043840859116084374, 0.99319575238944013)], 'tW_rate': [(0.078527307946546721, 1.0059925229994318)]}, 'bs1400': {'JER': [(0.14341706201190885, 0.90364869938985182)], 'JES': [(0.24259158343709863, 0.54781690671476957)], 'tau_scalefactor': [(0.063144192766889873, 0.99226254139468129)], 'trig': [(-0.01092671177140847, 0.99328421656884869)], 'beta_signal': [(0.31486996340769369, 0.3102690732351483)], 'bkg': [(-0.65828217535642608, 0.61711117299349749)], 'ttbar_rate_had': [(0.1678140712756564, 0.99840782492069913)], '__nll': [-610.84478755170551], '__cov': [array([[  8.25655973e-01,  -1.98545048e-03,  -1.49040912e-02,
          6.41882415e-03,   5.19691823e-03,   1.54504693e-04,
         -6.18999838e-05,   6.93674470e-04,   6.13190963e-04,
          9.00500484e-03,   4.56601908e-04,   2.55866354e-04,
          2.34398780e-02],
       [ -1.98545048e-03,   3.01317256e-01,   5.49465956e-02,
          3.99207689e-03,  -6.35754739e-02,  -2.24203492e-03,
         -8.42885441e-04,  -1.01899800e-02,  -5.80841404e-03,
         -7.12985490e-02,  -7.18290185e-03,   1.70923916e-03,
         -1.77521241e-01],
       [ -1.49040912e-02,   5.49465956e-02,   3.91437587e-01,
         -1.34083410e-02,  -1.51313147e-01,  -3.60057490e-03,
         -2.99949686e-05,  -1.63057573e-02,  -2.41068727e-02,
         -8.59222253e-02,  -9.98227763e-04,  -9.49063587e-04,
         -2.07432307e-01],
       [  6.41882415e-03,   3.99207689e-03,  -1.34083410e-02,
          1.04740110e-01,  -8.87729826e-03,  -1.12526500e-02,
         -1.60456244e-04,  -5.11147625e-02,  -1.85473349e-02,
         -5.09874580e-02,  -1.20822870e-03,   5.69334226e-04,
         -5.22822994e-02],
       [  5.19691823e-03,  -6.35754739e-02,  -1.51313147e-01,
         -8.87729826e-03,   3.82814535e-01,  -4.01029957e-03,
          8.68553754e-05,  -1.81636425e-02,  -2.51462978e-02,
         -7.73747724e-02,  -2.40818789e-03,  -2.89772084e-03,
         -1.79972940e-01],
       [  1.54504693e-04,  -2.24203492e-03,  -3.60057490e-03,
         -1.12526500e-02,  -4.01029957e-03,   1.00034399e+00,
          1.66071636e-05,   1.52798889e-03,   2.36649191e-03,
         -1.51106930e-04,  -1.77774433e-04,  -2.84479321e-05,
         -2.96928343e-03],
       [ -6.18999838e-05,  -8.42885441e-04,  -2.99949686e-05,
         -1.60456244e-04,   8.68553754e-05,   1.66071636e-05,
          9.99973998e-01,   7.52208741e-05,   9.28882601e-05,
          5.19066792e-05,   3.27890841e-05,  -2.80234256e-06,
          1.58999852e-05],
       [  6.93674470e-04,  -1.01899800e-02,  -1.63057573e-02,
         -5.11147625e-02,  -1.81636425e-02,   1.52798889e-03,
          7.52208741e-05,   1.00714512e+00,   1.07118571e-02,
         -6.65840504e-04,  -8.08448997e-04,  -1.29981532e-04,
         -1.33889862e-02],
       [  6.13190963e-04,  -5.80841404e-03,  -2.41068727e-02,
         -1.85473349e-02,  -2.51462978e-02,   2.36649191e-03,
          9.28882601e-05,   1.07118571e-02,   1.01639831e+00,
         -2.46958560e-03,   2.74496186e-05,  -1.15036300e-04,
         -2.46879961e-02],
       [  9.00500484e-03,  -7.12985490e-02,  -8.59222253e-02,
         -5.09874580e-02,  -7.73747724e-02,  -1.51106930e-04,
          5.19066792e-05,  -6.65840504e-04,  -2.46958560e-03,
          9.97818131e-01,   4.02084563e-04,  -1.03338509e-03,
         -6.58840825e-03],
       [  4.56601908e-04,  -7.18290185e-03,  -9.98227763e-04,
         -1.20822870e-03,  -2.40818789e-03,  -1.77774433e-04,
          3.27890841e-05,  -8.08448997e-04,   2.74496186e-05,
          4.02084563e-04,   9.99006615e-01,  -5.88458226e-05,
          2.48737031e-03],
       [  2.55866354e-04,   1.70923916e-03,  -9.49063587e-04,
          5.69334226e-04,  -2.89772084e-03,  -2.84479321e-05,
         -2.80234256e-06,  -1.29981532e-04,  -1.15036300e-04,
         -1.03338509e-03,  -5.88458226e-05,   9.99899790e-01,
         -2.60440540e-03],
       [  2.34398780e-02,  -1.77521241e-01,  -2.07432307e-01,
         -5.22822994e-02,  -1.79972940e-01,  -2.96928343e-03,
          1.58999852e-05,  -1.33889862e-02,  -2.46879961e-02,
         -6.58840825e-03,   2.48737031e-03,  -2.60440540e-03,
          1.01039935e+00]])], 'lumi': [(0.00047807801294474928, 0.99350189887628293)], 'schannel_rate': [(-5.3585778842624165e-05, 0.99332061235361246)], 'subjet_scalefactor': [(0.0021335918624156847, 0.99682807357516534)], 'Q2': [(-1.1880644192871803, 0.62391711697161378)], 'tchannel_rate': [(-0.0057797439112272642, 0.99284644748335293)], 'tW_rate': [(0.010881648660304499, 1.0013347083025623)]}, 'bs2000': {'JER': [(0.11583390256828974, 0.94546491404617328)], 'JES': [(0.23817087747732213, 0.56425328775679606)], 'tau_scalefactor': [(0.16526880714392433, 0.98815218145801165)], 'trig': [(-0.012450952621159139, 0.99328738828197194)], 'beta_signal': [(0.68803683483234956, 2.3731913761996086)], 'bkg': [(-0.66687717034489502, 0.66647460372949352)], 'ttbar_rate_had': [(0.3533727439164247, 0.98624106318604987)], '__nll': [-610.34739531290415], '__cov': [array([[  9.04794216e-01,  -2.74249522e-03,  -1.33196305e-02,
         -6.83587425e-02,   1.19057124e-02,   8.46638068e-06,
         -6.91384001e-05,   3.63593706e-05,  -8.84936373e-04,
          9.70311880e-03,   6.99852992e-04,   1.53266061e-04,
          2.64522929e-02],
       [ -2.74249522e-03,   3.19748461e-01,   6.39135876e-02,
          4.50281738e-01,  -9.63373590e-02,  -1.29159152e-03,
         -2.12283382e-04,  -5.87622921e-03,   1.79182933e-03,
         -6.87054991e-02,  -7.82563214e-03,   2.15614756e-03,
         -1.77774981e-01],
       [ -1.33196305e-02,   6.39135876e-02,   3.87775029e-01,
          2.82147675e-01,  -1.64393552e-01,  -4.03477203e-03,
          8.04975048e-05,  -1.82934073e-02,  -2.57471060e-02,
         -9.53336234e-02,  -1.74987208e-03,  -5.56783529e-04,
         -2.29746283e-01],
       [ -6.83587425e-02,   4.50281738e-01,   2.82147675e-01,
          9.97424603e+00,  -6.50496777e-01,  -7.79273586e-03,
          2.41342918e-04,  -3.55390118e-02,   9.03508205e-02,
         -1.07864794e-01,  -6.43172432e-03,   9.30049859e-03,
         -2.33926770e-01],
       [  1.19057124e-02,  -9.63373590e-02,  -1.64393552e-01,
         -6.50496777e-01,   4.46898468e-01,  -5.08734549e-03,
         -6.92409261e-05,  -2.30431970e-02,  -3.40814356e-02,
         -8.30639397e-02,  -1.78749796e-03,  -3.43077377e-03,
         -1.87296544e-01],
       [  8.46638068e-06,  -1.29159152e-03,  -4.03477203e-03,
         -7.79273586e-03,  -5.08734549e-03,   1.00054104e+00,
          2.21444569e-05,   2.42792140e-03,   3.86928120e-03,
         -7.49037700e-04,  -1.17798447e-04,   6.10251492e-06,
         -6.11449671e-03],
       [ -6.91384001e-05,  -2.12283382e-04,   8.04975048e-05,
          2.41342918e-04,  -6.92409261e-05,   2.21444569e-05,
          1.00009968e+00,   1.00287557e-04,   6.64791687e-05,
         -1.17932490e-04,   1.73048149e-05,   2.17077166e-06,
         -4.90060822e-04],
       [  3.63593706e-05,  -5.87622921e-03,  -1.82934073e-02,
         -3.55390118e-02,  -2.30431970e-02,   2.42792140e-03,
          1.00287557e-04,   1.01104850e+00,   1.75138613e-02,
         -3.40193931e-03,  -5.37042851e-04,   2.71719772e-05,
         -2.77028370e-02],
       [ -8.84936373e-04,   1.79182933e-03,  -2.57471060e-02,
          9.03508205e-02,  -3.40814356e-02,   3.86928120e-03,
          6.64791687e-05,   1.75138613e-02,   1.02796967e+00,
         -5.76902818e-03,  -5.14873145e-04,   1.26466042e-04,
         -4.51497651e-02],
       [  9.70311880e-03,  -6.87054991e-02,  -9.53336234e-02,
         -1.07864794e-01,  -8.30639397e-02,  -7.49037700e-04,
         -1.17932490e-04,  -3.40193931e-03,  -5.76902818e-03,
          9.89470111e-01,   3.04162423e-04,  -9.72689108e-04,
         -2.47127590e-02],
       [  6.99852992e-04,  -7.82563214e-03,  -1.74987208e-03,
         -6.43172432e-03,  -1.78749796e-03,  -1.17798447e-04,
          1.73048149e-05,  -5.37042851e-04,  -5.14873145e-04,
          3.04162423e-04,   9.99754204e-01,  -5.74474566e-05,
          1.76694674e-03],
       [  1.53266061e-04,   2.15614756e-03,  -5.56783529e-04,
          9.30049859e-03,  -3.43077377e-03,   6.10251492e-06,
          2.17077166e-06,   2.71719772e-05,   1.26466042e-04,
         -9.72689108e-04,  -5.74474566e-05,   9.99906282e-01,
         -2.70592565e-03],
       [  2.64522929e-02,  -1.77774981e-01,  -2.29746283e-01,
         -2.33926770e-01,  -1.87296544e-01,  -6.11449671e-03,
         -4.90060822e-04,  -2.77028370e-02,  -4.51497651e-02,
         -2.47127590e-02,   1.76694674e-03,  -2.70592565e-03,
          9.85647144e-01]])], 'lumi': [(0.012457712414509103, 0.99359839419890461)], 'schannel_rate': [(0.0004361889578712308, 0.99338219524769)], 'subjet_scalefactor': [(0.056434204581553793, 0.99873092640315653)], 'Q2': [(-1.1205844135126344, 0.62101870439931006)], 'tchannel_rate': [(-0.00067928829393970602, 0.99321290271572638)], 'tW_rate': [(0.087934340824420865, 1.0069383422694074)]}, 'bs1000': {'JER': [(0.12188661301400927, 0.94816796192141251)], 'JES': [(0.20579180776822703, 0.55399032427301709)], 'tau_scalefactor': [(0.16847849738581377, 0.9878002729907287)], 'trig': [(-0.01311379598487239, 0.99328297718069081)], 'beta_signal': [(4.3116621384342579e-12, 0.037922418082824039)], 'bkg': [(-0.61954037244847182, 0.63094249914066647)], 'ttbar_rate_had': [(0.36870580335406533, 0.98138899588495709)], '__nll': [-610.32247801133474], '__cov': [array([[  9.10039759e-01,  -9.40810116e-04,  -1.45635150e-02,
          2.66820809e-10,   6.63569426e-03,   1.17189702e-04,
         -5.79165506e-05,   5.27535039e-04,   3.49292633e-06,
          1.12446530e-02,   6.50646534e-04,   2.23116559e-04,
          2.98284556e-02],
       [ -9.40810116e-04,   3.08174162e-01,   4.12954265e-02,
          3.70743504e-10,  -6.74438000e-02,  -2.08761570e-03,
         -1.48764153e-05,  -9.47593994e-03,  -5.69550329e-03,
         -6.49003198e-02,  -6.87177817e-03,   1.66778104e-03,
         -1.61276408e-01],
       [ -1.45635150e-02,   4.12954265e-02,   3.70121048e-01,
         -8.55311509e-10,  -1.41447813e-01,  -4.26516305e-03,
          8.66456863e-05,  -1.93317731e-02,  -2.84725674e-02,
         -9.00904431e-02,  -1.16967116e-03,  -8.42354202e-04,
         -2.13657052e-01],
       [  2.66820809e-10,   3.70743504e-10,  -8.55311509e-10,
          6.66435904e-13,  -1.18359814e-09,  -1.84236329e-10,
          2.08368561e-12,  -8.36116467e-10,   2.03026070e-11,
         -5.86596497e-10,  -3.16262505e-11,  -2.35562797e-11,
         -1.74859064e-10],
       [  6.63569426e-03,  -6.74438000e-02,  -1.41447813e-01,
         -1.18359814e-09,   4.00257522e-01,  -4.21908522e-03,
         -8.46833360e-05,  -1.91210894e-02,  -2.64863444e-02,
         -8.73906267e-02,  -2.35326832e-03,  -2.69483408e-03,
         -2.05733811e-01],
       [  1.17189702e-04,  -2.08761570e-03,  -4.26516305e-03,
         -1.84236329e-10,  -4.21908522e-03,   1.00050100e+00,
          1.84783949e-05,   2.24754564e-03,   3.59607104e-03,
         -6.97553482e-04,  -9.93216325e-05,  -7.73211297e-06,
         -5.66819836e-03],
       [ -5.79165506e-05,  -1.48764153e-05,   8.66456863e-05,
          2.08368561e-12,  -8.46833360e-05,   1.84783949e-05,
          1.00009690e+00,   8.36623950e-05,   5.17836338e-05,
         -1.29958845e-04,   1.00460789e-05,   2.63083893e-06,
         -4.95121674e-04],
       [  5.27535039e-04,  -9.47593994e-03,  -1.93317731e-02,
         -8.36116467e-10,  -1.91210894e-02,   2.24754564e-03,
          8.36623950e-05,   1.01022516e+00,   1.62783738e-02,
         -3.16938116e-03,  -4.53307352e-04,  -3.53419512e-05,
         -2.56848649e-02],
       [  3.49292633e-06,  -5.69550329e-03,  -2.84725674e-02,
          2.03026070e-11,  -2.64863444e-02,   3.59607104e-03,
          5.17836338e-05,   1.62783738e-02,   1.02576071e+00,
         -4.94083138e-03,  -3.64001896e-04,   4.30792640e-06,
         -4.07932677e-02],
       [  1.12446530e-02,  -6.49003198e-02,  -9.00904431e-02,
         -5.86596497e-10,  -8.73906267e-02,  -6.97553482e-04,
         -1.29958845e-04,  -3.16938116e-03,  -4.94083138e-03,
          9.88756583e-01,   9.03182141e-05,  -9.56121586e-04,
         -2.70171985e-02],
       [  6.50646534e-04,  -6.87177817e-03,  -1.16967116e-03,
         -3.16262505e-11,  -2.35326832e-03,  -9.93216325e-05,
          1.00460789e-05,  -4.53307352e-04,  -3.64001896e-04,
          9.03182141e-05,   9.99747236e-01,  -4.67638019e-05,
          1.04009426e-03],
       [  2.23116559e-04,   1.66778104e-03,  -8.42354202e-04,
         -2.35562797e-11,  -2.69483408e-03,  -7.73211297e-06,
          2.63083893e-06,  -3.53419512e-05,   4.30792640e-06,
         -9.56121586e-04,  -4.67638019e-05,   9.99897289e-01,
         -2.55463321e-03],
       [  2.98284556e-02,  -1.61276408e-01,  -2.13657052e-01,
         -1.74859064e-10,  -2.05733811e-01,  -5.66819836e-03,
         -4.95121674e-04,  -2.56848649e-02,  -4.07932677e-02,
         -2.70171985e-02,   1.04009426e-03,  -2.55463321e-03,
          9.75849708e-01]])], 'lumi': [(0.0115762708605196, 0.99357878215486251)], 'schannel_rate': [(0.00040469507047369291, 0.99338083743681249)], 'subjet_scalefactor': [(0.052505287508660459, 0.99832980916407932)], 'Q2': [(-1.1383238102023392, 0.60679043107297814)], 'tchannel_rate': [(-0.00028604886736083301, 0.99320948799322029)], 'tW_rate': [(0.081354613388818109, 1.0058710745987129)]}, 'bs1900': {'JER': [(0.11670623596697283, 0.9489788031394335)], 'JES': [(0.20744851472198444, 0.55875572417124308)], 'tau_scalefactor': [(0.16855400348345739, 0.98786997005798893)], 'trig': [(-0.012759915502140728, 0.99328497613637889)], 'beta_signal': [(0.32399578429670584, 1.5643245242234134)], 'bkg': [(-0.64664390685646023, 0.64834041211159588)], 'ttbar_rate_had': [(0.36355474958949685, 0.98181803476546348)], '__nll': [-610.34017307258296], '__cov': [array([[  9.11615594e-01,  -1.53710765e-03,  -1.38911979e-02,
         -4.42751161e-02,   1.06691108e-02,   7.54285986e-06,
         -6.18708610e-05,   3.19058109e-05,  -8.94628335e-04,
          1.04496876e-02,   6.77761384e-04,   1.62625817e-04,
          2.84922446e-02],
       [ -1.53710765e-03,   3.13521255e-01,   4.15531281e-02,
          8.42881734e-03,  -7.05817090e-02,  -2.02032826e-03,
          2.07995946e-05,  -9.17220182e-03,  -4.86774463e-03,
         -6.49256198e-02,  -7.16045202e-03,   1.73048561e-03,
         -1.61853702e-01],
       [ -1.38911979e-02,   4.15531281e-02,   3.78724169e-01,
          1.05789732e-01,  -1.51058126e-01,  -4.13736301e-03,
          1.03133711e-04,  -1.87557813e-02,  -2.72303127e-02,
         -9.15693270e-02,  -1.24985022e-03,  -7.58194025e-04,
         -2.18647911e-01],
       [ -4.42751161e-02,   8.42881734e-03,   1.05789732e-01,
          3.11122115e+00,  -2.47061361e-01,  -3.03706452e-03,
          2.62877685e-04,  -1.38654968e-02,   4.46400463e-02,
         -2.62164436e-02,  -4.11358888e-04,   3.26616104e-03,
         -4.76733157e-02],
       [  1.06691108e-02,  -7.05817090e-02,  -1.51058126e-01,
         -2.47061361e-01,   4.22768299e-01,  -4.71650257e-03,
         -1.16165127e-04,  -2.13681239e-02,  -3.06719948e-02,
         -8.68285952e-02,  -2.22596842e-03,  -3.02387662e-03,
         -2.00441354e-01],
       [  7.54285986e-06,  -2.02032826e-03,  -4.13736301e-03,
         -3.03706452e-03,  -4.71650257e-03,   1.00053711e+00,
          1.96221502e-05,   2.41024041e-03,   3.82789068e-03,
         -6.44569271e-04,  -1.01215949e-04,   4.81676973e-08,
         -5.79878616e-03],
       [ -6.18708610e-05,   2.07995946e-05,   1.03133711e-04,
          2.62877685e-04,  -1.16165127e-04,   1.96221502e-05,
          1.00010408e+00,   8.88460837e-05,   5.63203462e-05,
         -1.37516277e-04,   9.35756906e-06,   3.12858836e-06,
         -5.24502207e-04],
       [  3.19058109e-05,  -9.17220182e-03,  -1.87557813e-02,
         -1.38654968e-02,  -2.13681239e-02,   2.41024041e-03,
          8.88460837e-05,   1.01096724e+00,   1.73271056e-02,
         -2.92936904e-03,  -4.62030699e-04,  -1.80763363e-07,
         -2.62751175e-02],
       [ -8.94628335e-04,  -4.86774463e-03,  -2.72303127e-02,
          4.46400463e-02,  -3.06719948e-02,   3.82789068e-03,
          5.63203462e-05,   1.73271056e-02,   1.02751048e+00,
         -4.72037131e-03,  -3.83303803e-04,   6.85927034e-05,
         -4.19645154e-02],
       [  1.04496876e-02,  -6.49256198e-02,  -9.15693270e-02,
         -2.62164436e-02,  -8.68285952e-02,  -6.44569271e-04,
         -1.37516277e-04,  -2.92936904e-03,  -4.72037131e-03,
          9.88898006e-01,   1.33179026e-04,  -9.32553424e-04,
         -2.70845254e-02],
       [  6.77761384e-04,  -7.16045202e-03,  -1.24985022e-03,
         -4.11358888e-04,  -2.22596842e-03,  -1.01215949e-04,
          9.35756906e-06,  -4.62030699e-04,  -3.83303803e-04,
          1.33179026e-04,   9.99751972e-01,  -4.88552259e-05,
          1.17201676e-03],
       [  1.62625817e-04,   1.73048561e-03,  -7.58194025e-04,
          3.26616104e-03,  -3.02387662e-03,   4.81676973e-08,
          3.12858836e-06,  -1.80763363e-07,   6.85927034e-05,
         -9.32553424e-04,  -4.88552259e-05,   9.99901363e-01,
         -2.54938100e-03],
       [  2.84922446e-02,  -1.61853702e-01,  -2.18647911e-01,
         -4.76733157e-02,  -2.00441354e-01,  -5.79878616e-03,
         -5.24502207e-04,  -2.62751175e-02,  -4.19645154e-02,
         -2.70845254e-02,   1.17201676e-03,  -2.54938100e-03,
          9.76712526e-01]])], 'lumi': [(0.012291844869729118, 0.99359646721683337)], 'schannel_rate': [(0.00043314518838855065, 0.99338435102677947)], 'subjet_scalefactor': [(0.055681118213679603, 0.998691358008442)], 'Q2': [(-1.1279554328769432, 0.61376644292931015)], 'tchannel_rate': [(-0.00035163585588993129, 0.99321180906822759)], 'tW_rate': [(0.086336055316294846, 1.0067165934005464)]}, 'bs1500': {'JER': [(0.1273293371200932, 0.91589527747151411)], 'JES': [(0.024624328501184678, 0.92859181469282515)], 'tau_scalefactor': [(0.057951407647779618, 0.99303735249681502)], 'trig': [(-0.010435372489073558, 0.99328497065304222)], 'beta_signal': [(0.80950110297598199, 0.52039336777539347)], 'bkg': [(-0.68940910147898737, 0.64174090970329623)], 'ttbar_rate_had': [(0.17264961287988356, 0.9926436595409629)], '__nll': [-611.86503224933415], '__cov': [array([[  8.48444182e-01,  -5.20423042e-02,  -1.28218896e-02,
          4.69980592e-03,   1.68384052e-02,   1.30972651e-03,
         -1.73806887e-04,   5.93832389e-03,   8.61276426e-03,
          1.85528804e-02,   5.97354615e-04,   6.47727976e-05,
          4.06272948e-02],
       [ -5.20423042e-02,   8.72403889e-01,   2.20920791e-03,
         -1.45879926e-01,  -2.01152247e-01,  -8.53161308e-03,
          2.85100640e-03,  -3.86725769e-02,  -5.37909065e-02,
         -1.21355029e-01,  -7.22173526e-03,   2.70508776e-03,
         -2.66116888e-01],
       [ -1.28218896e-02,   2.20920791e-03,   3.76144935e-01,
          4.94879360e-03,  -1.36976107e-01,  -3.94157577e-03,
          1.34025188e-05,  -1.78663588e-02,  -2.76192869e-02,
         -8.10667614e-02,  -2.22497840e-06,  -1.10121891e-03,
         -1.91455428e-01],
       [  4.69980592e-03,  -1.45879926e-01,   4.94879360e-03,
          2.81988779e-01,   1.14408796e-02,  -2.31502552e-02,
         -4.77427606e-04,  -1.05139621e-01,  -1.42927220e-02,
         -7.02951290e-02,   1.38303904e-03,   3.29101041e-04,
         -1.32988282e-02],
       [  1.68384052e-02,  -2.01152247e-01,  -1.36976107e-01,
          1.14408796e-02,   4.14162286e-01,  -2.12016355e-03,
         -6.68879885e-04,  -9.59123243e-03,  -1.09044230e-02,
         -6.36211394e-02,  -2.52608863e-03,  -3.15508768e-03,
         -1.56872303e-01],
       [  1.30972651e-03,  -8.53161308e-03,  -3.94157577e-03,
         -2.31502552e-02,  -2.12016355e-03,   1.00037813e+00,
         -2.50970338e-05,   1.67681402e-03,   2.32296831e-03,
          4.58534325e-04,   2.93743604e-05,  -3.62744584e-05,
         -1.55164897e-03],
       [ -1.73806887e-04,   2.85100640e-03,   1.34025188e-05,
         -4.77427606e-04,  -6.68879885e-04,  -2.50970338e-05,
          1.00003434e+00,  -1.13769551e-04,  -1.72079451e-04,
         -4.04036518e-04,  -2.27587724e-05,   9.06942105e-06,
         -9.11280326e-04],
       [  5.93832389e-03,  -3.86725769e-02,  -1.78663588e-02,
         -1.05139621e-01,  -9.59123243e-03,   1.67681402e-03,
         -1.13769551e-04,   1.00793645e+00,   1.05170474e-02,
          2.09021586e-03,   1.29213761e-04,  -1.65356679e-04,
         -6.98391896e-03],
       [  8.61276426e-03,  -5.37909065e-02,  -2.76192869e-02,
         -1.42927220e-02,  -1.09044230e-02,   2.32296831e-03,
         -1.72079451e-04,   1.05170474e-02,   1.01621458e+00,
          2.71936172e-03,   2.00258416e-04,  -2.21711947e-04,
         -1.01505170e-02],
       [  1.85528804e-02,  -1.21355029e-01,  -8.10667614e-02,
         -7.02951290e-02,  -6.36211394e-02,   4.58534325e-04,
         -4.04036518e-04,   2.09021586e-03,   2.71936172e-03,
          9.99397852e-01,   7.30215247e-05,  -1.02910574e-03,
         -6.91974172e-03],
       [  5.97354615e-04,  -7.22173526e-03,  -2.22497840e-06,
          1.38303904e-03,  -2.52608863e-03,   2.93743604e-05,
         -2.27587724e-05,   1.29213761e-04,   2.00258416e-04,
          7.30215247e-05,   1.00003307e+00,  -3.03667795e-05,
         -1.06166600e-06],
       [  6.47727976e-05,   2.70508776e-03,  -1.10121891e-03,
          3.29101041e-04,  -3.15508768e-03,  -3.62744584e-05,
          9.06942105e-06,  -1.65356679e-04,  -2.21711947e-04,
         -1.02910574e-03,  -3.03667795e-05,   9.99901323e-01,
         -2.53368973e-03],
       [  4.06272948e-02,  -2.66116888e-01,  -1.91455428e-01,
         -1.32988282e-02,  -1.56872303e-01,  -1.55164897e-03,
         -9.11280326e-04,  -6.98391896e-03,  -1.01505170e-02,
         -6.91974172e-03,  -1.06166600e-06,  -2.53368973e-03,
          9.98609209e-01]])], 'lumi': [(-0.0020053113672791056, 0.99351862203059138)], 'schannel_rate': [(8.0908812903679461e-05, 0.99335017929713043)], 'subjet_scalefactor': [(-0.0090853658439415952, 0.99721429864512268)], 'Q2': [(-1.1375704936062583, 0.61168252255195465)], 'tchannel_rate': [(0.0031641393260581907, 0.99334955830453664)], 'tW_rate': [(-0.018247844715345352, 1.0012453722481707)]}, 'bs900': {'JER': [(0.1218843767600033, 0.94816849644551837)], 'JES': [(0.20577427918836477, 0.55395035575374951)], 'tau_scalefactor': [(0.16847398666865665, 0.98775984139747086)], 'trig': [(-0.013119414082211733, 0.9932829707608779)], 'beta_signal': [(0.0, 0.06514596791392635)], 'bkg': [(-0.61952620057784991, 0.63097774003848217)], 'ttbar_rate_had': [(0.3687029914546649, 0.98120305132110852)], '__nll': [-610.32247801015012], '__cov': [array([[  9.10040797e-01,  -1.00862836e-03,  -1.45992969e-02,
          7.97144394e-13,   6.65567418e-03,   1.18847816e-04,
         -5.79465163e-05,   5.35055163e-04,   1.41214834e-05,
          1.12551884e-02,   6.51181147e-04,   2.23134531e-04,
          2.98497383e-02],
       [ -1.00862836e-03,   3.08129512e-01,   4.10619627e-02,
         -1.75767634e-13,  -6.75218383e-02,  -2.08942516e-03,
         -6.83197466e-06,  -9.48425605e-03,  -5.74116118e-03,
         -6.47529970e-02,  -6.85173894e-03,   1.66538617e-03,
         -1.60907389e-01],
       [ -1.45992969e-02,   4.10619627e-02,   3.70055647e-01,
         -1.86899857e-12,  -1.41409668e-01,  -4.26414809e-03,
          8.77162767e-05,  -1.93272025e-02,  -2.84756079e-02,
         -9.00006895e-02,  -1.16202440e-03,  -8.43941087e-04,
         -2.13493383e-01],
       [  7.97144394e-13,  -1.75767634e-13,  -1.86899857e-12,
          1.73210336e-17,  -9.26818962e-12,  -8.20162313e-13,
          9.79586793e-15,  -3.72204788e-12,   9.04503848e-13,
         -1.73638627e-12,  -1.40377670e-13,  -3.73578003e-13,
          1.60755130e-12],
       [  6.65567418e-03,  -6.75218383e-02,  -1.41409668e-01,
         -9.26818962e-12,   4.00302478e-01,  -4.21795607e-03,
         -8.64379318e-05,  -1.91160014e-02,  -2.64756025e-02,
         -8.74298716e-02,  -2.35569073e-03,  -2.69461557e-03,
         -2.05771682e-01],
       [  1.18847816e-04,  -2.08942516e-03,  -4.26414809e-03,
         -8.20162313e-13,  -4.21795607e-03,   1.00050111e+00,
          1.84206128e-05,   2.24762908e-03,   3.59635662e-03,
         -6.97710700e-04,  -9.94037930e-05,  -7.71516917e-06,
         -5.66966249e-03],
       [ -5.79465163e-05,  -6.83197466e-06,   8.77162767e-05,
          9.79586793e-15,  -8.64379318e-05,   1.84206128e-05,
          1.00009691e+00,   8.34114958e-05,   5.16259098e-05,
         -1.31611264e-04,   9.86678366e-06,   2.67383662e-06,
         -4.99288725e-04],
       [  5.35055163e-04,  -9.48425605e-03,  -1.93272025e-02,
         -3.72204788e-12,  -1.91160014e-02,   2.24762908e-03,
          8.34114958e-05,   1.01022582e+00,   1.62796250e-02,
         -3.17015178e-03,  -4.53690316e-04,  -3.52762355e-05,
         -2.56915556e-02],
       [  1.41214834e-05,  -5.74116118e-03,  -2.84756079e-02,
          9.04503848e-13,  -2.64756025e-02,   3.59635662e-03,
          5.16259098e-05,   1.62796250e-02,   1.02576390e+00,
         -4.93181584e-03,  -3.63340341e-04,   4.07247668e-06,
         -4.07763868e-02],
       [  1.12551884e-02,  -6.47529970e-02,  -9.00006895e-02,
         -1.73638627e-12,  -8.74298716e-02,  -6.97710700e-04,
         -1.31611264e-04,  -3.17015178e-03,  -4.93181584e-03,
          9.88674555e-01,   8.35513735e-05,  -9.54591164e-04,
         -2.71315238e-02],
       [  6.51181147e-04,  -6.85173894e-03,  -1.16202440e-03,
         -1.40377670e-13,  -2.35569073e-03,  -9.94037930e-05,
          9.86678366e-06,  -4.53690316e-04,  -3.63340341e-04,
          8.35513735e-05,   9.99746436e-01,  -4.66058965e-05,
          1.02182184e-03],
       [  2.23134531e-04,   1.66538617e-03,  -8.43941087e-04,
         -3.73578003e-13,  -2.69461557e-03,  -7.71516917e-06,
          2.67383662e-06,  -3.52762355e-05,   4.07247668e-06,
         -9.54591164e-04,  -4.66058965e-05,   9.99897276e-01,
         -2.55160348e-03],
       [  2.98497383e-02,  -1.60907389e-01,  -2.13493383e-01,
          1.60755130e-12,  -2.05771682e-01,  -5.66966249e-03,
         -4.99288725e-04,  -2.56915556e-02,  -4.07763868e-02,
         -2.71315238e-02,   1.02182184e-03,  -2.55160348e-03,
